-0.0708 -0.5148449039881833
-0.07176000000000002 -0.5107090103397343
-0.07223999999999997 -0.5074593796159529
-0.07223999999999997 -0.503618906942393
-0.07223999999999997 -0.49977843426883317
-0.07176000000000002 -0.4965288035450518
-0.07128000000000001 -0.4929837518463812
-0.06936 -0.48914327917282135
-0.06791999999999998 -0.48500738552437234
-0.06552 -0.4811669128508125
-0.06263999999999997 -0.4779172821270311
-0.05784 -0.4734859675036929
-0.053279999999999994 -0.4703840472673561
-0.04776 -0.468168389955687
-0.041039999999999965 -0.4661004431314624
-0.03527999999999998 -0.465509601181684
-0.029519999999999963 -0.46639586410635164
-0.022799999999999987 -0.468168389955687
-0.01751999999999998 -0.4705317577548007
-0.012719999999999954 -0.47319054652880366
-0.00935999999999998 -0.47673559822747424
-0.005519999999999969 -0.48116691285081253
-0.002640000000000031 -0.4853028064992616
-0.0007199999999999984 -0.4894387001477106
-0.0007199999999999984 -0.4894387001477106
0.0012000000000000344 -0.4941654357459381
0.0012000000000000344 -0.4988921713441656
0.0012000000000000344 -0.5036189069423931
0.0016800000000000148 -0.5068685376661745
0.00024000000000001798 -0.5115952732644019
-0.00023999999999996247 -0.5154357459379617
-0.00023999999999996247 -0.5154357459379617
-0.0021599999999999953 -0.5201624815361892
-0.005039999999999989 -0.5242983751846383
-0.008879999999999943 -0.5287296898079765
-0.012719999999999954 -0.5328655834564255
-0.01751999999999998 -0.5355243722304285
-0.023279999999999967 -0.5381831610044314
-0.02999999999999997 -0.5399556868537667
-0.03719999999999998 -0.5399556868537667
-0.04391999999999999 -0.5387740029542099
-0.05063999999999999 -0.5367060561299853
-0.05639999999999998 -0.533456425406204
-0.05976000000000001 -0.530797636632201
-0.06263999999999997 -0.5284342688330873
-0.06503999999999999 -0.5251846381093059
-0.06744 -0.5219350073855245
-0.06936 -0.5183899556868539
