-0.04519535374868 -0.5137420718816066
-0.04519535374868 -0.5019027484143761
-0.0409714889123548 -0.4900634249471456
-0.037592397043294534 -0.4782241014799151
-0.030834213305174107 -0.46976744186046493
-0.02323125659978864 -0.4638477801268497
-0.014783526927138246 -0.4655391120507395
-0.0063357972544877406 -0.473150105708245
-0.0029567053854275827 -0.4849894291754753
-0.0012671594508975037 -0.5002114164904861
-0.003801478352692622 -0.5145877378435517
-0.00802534318901782 -0.5272727272727269
-0.011404435058077977 -0.5340380549682873
-0.018162618796198404 -0.5408033826638474
-0.026610348468848688 -0.5450317124735728
-0.035058078141499416 -0.5408033826638474
-0.04181626187961984 -0.5323467230443972
-0.04519535374868 -0.5238900634249468
-0.04519535374868 -0.5137420718816066
