-0.133051742344245 -0.5983086680761096
-0.11615628299894387 -0.579704016913319
-0.09926082365364297 -0.554334038054968
-0.06884899683210133 -0.5171247357293867
-0.04350580781414992 -0.48668076109936553
-0.0029567053854275827 -0.4393234672304438
0.02576557550158398 -0.40380549682875233
0.05279831045406558 -0.3699788583509511
0.08827877507919757 -0.3276955602536995
0.1119324181626189 -0.30063424947145867
0.13051742344245 -0.2803382663847779
0.1474128827877509 -0.2651162790697673
0.1643083421330518 -0.25327695560253694
0.17613516367476256 -0.25327695560253694
0.17782470960929264 -0.2684989429175475
0.17444561774023248 -0.29556025369978833
0.16092925026399163 -0.32600422832980946
0.14403379091869073 -0.36659619450317105
0.11024287222808882 -0.4224101479915432
0.08489968321013741 -0.4613107822410145
0.04435058078141507 -0.5205073995771667
0.015628299894403508 -0.5610993657505281
-0.016473072861668325 -0.6016913319238899
