2.288879999999999804e-01 8.335939484269566435e+01
2.289347070707070386e-01 8.000400026935896847e+01
2.289814141414141246e-01 7.671839397927706727e+01
2.290281212121211829e-01 7.350252107417553304e+01
2.290748282828282689e-01 7.035632667351546843e+01
2.291215353535353272e-01 6.727975591450162085e+01
2.291682424242424132e-01 6.427275395207396969e+01
2.292149494949494715e-01 6.133526595891338218e+01
2.292616565656565575e-01 5.846723712543436591e+01
2.293083636363636157e-01 5.566861265979951412e+01
2.293550707070707018e-01 5.293933778789958922e+01
2.294017777777777600e-01 5.027935775336919022e+01
2.294484848484848183e-01 4.768861781758150187e+01
2.294951919191919043e-01 4.516706325964148760e+01
2.295418989898989626e-01 4.271463937639582298e+01
2.295886060606060486e-01 4.033129148243860840e+01
2.296353131313131068e-01 3.801696491008883783e+01
2.296820202020201929e-01 3.577160500941468513e+01
2.297287272727272511e-01 3.359515714821842636e+01
2.297754343434343371e-01 3.148756671203630830e+01
2.298221414141413954e-01 2.944877910414880162e+01
2.298688484848484814e-01 2.747873974557334265e+01
2.299155555555555397e-01 2.557739407506386442e+01
2.299622626262625980e-01 2.374468754911562129e+01
2.300089696969696840e-01 2.198056564196127383e+01
2.300556767676767422e-01 2.028497384557328331e+01
2.301023838383838283e-01 1.865785766965728598e+01
2.301490909090908865e-01 1.709916264166426814e+01
2.301957979797979725e-01 1.560883430677593964e+01
2.302425050505050308e-01 1.418681822791976188e+01
2.302892121212121168e-01 1.283305998575715101e+01
2.303359191919191751e-01 1.154750517869013393e+01
2.303826262626262611e-01 1.033009942285862515e+01
2.304293333333333194e-01 9.180788352140766051e+00
2.304760404040403776e-01 8.099517618153685206e+00
2.305227474747474636e-01 7.086232890248705729e+00
2.305694545454545219e-01 6.140879855520426922e+00
2.306161616161616079e-01 5.263404218801653656e+00
2.306628686868686662e-01 4.453751702661817191e+00
2.307095757575757522e-01 3.711868047409812021e+00
2.307562828282828105e-01 3.037699011092808377e+00
2.308029898989898965e-01 2.431190369494291570e+00
2.308496969696969547e-01 1.892287916140018567e+00
2.308964040404040408e-01 1.420937462289759923e+00
2.309431111111110990e-01 1.017084836944806447e+00
2.309898181818181573e-01 6.806758868446629585e-01
2.310365252525252433e-01 4.116564764663059317e-01
2.310832323232323016e-01 2.099724880254762172e-01
2.311299393939393876e-01 7.556982147569506203e-02
2.311766464646464458e-01 8.394394509824083458e-03
2.312233535353535319e-01 8.392142558523293591e-03
2.312700606060605901e-01 7.550901879118336602e-02
2.313167676767676761e-01 2.096909941154659895e-01
2.313634747474747344e-01 4.108840571776602446e-01
2.314101818181818204e-01 6.790342143618509629e-01
2.314568888888888787e-01 1.014087489790700403e+00
2.315035959595959369e-01 1.415989925325778387e+00
2.315503030303030230e-01 1.884687580567132370e+00
2.315970101010100812e-01 2.420126532853241308e+00
2.316437171717171672e-01 3.022252877259468562e+00
2.316904242424242255e-01 3.691012726601208271e+00
2.317371313131313115e-01 4.426352211432261541e+00
2.317838383838383698e-01 5.228217480042586907e+00
2.318305454545454558e-01 6.096554698464665911e+00
2.318772525252525141e-01 7.031310050464504968e+00
2.319239595959596001e-01 8.032429737551606053e+00
2.319706666666666584e-01 9.099859978970707530e+00
2.320173737373737166e-01 1.023354701170401171e+01
2.320640808080808026e-01 1.143343709047551826e+01
2.321107878787878609e-01 1.269947648774275883e+01
2.321574949494949469e-01 1.403161149370891536e+01
2.322042020202020052e-01 1.542978841630636744e+01
2.322509090909090912e-01 1.689395358121618429e+01
2.322976161616161495e-01 1.842405333185021377e+01
2.323443232323232355e-01 2.002003402936022169e+01
2.323910303030302937e-01 2.168184205263913000e+01
2.324377373737373798e-01 2.340942379831317410e+01
2.324844444444444380e-01 2.520272568075107955e+01
2.325311515151514963e-01 2.706169413205916641e+01
2.325778585858585823e-01 2.898627560208414522e+01
2.326245656565656406e-01 3.097641655840941155e+01
2.326712727272727266e-01 3.303206348635395528e+01
2.327179797979797848e-01 3.515316288897853525e+01
2.327646868686868709e-01 3.733966128707906762e+01
2.328113939393939291e-01 3.959150521919262644e+01
2.328581010101010151e-01 4.190864124159749338e+01
2.329048080808080734e-01 4.429101592830412670e+01
2.329515151515151594e-01 4.673857587106783029e+01
2.329982222222222177e-01 4.925126767937594252e+01
2.330449292929292759e-01 5.182903798045768440e+01
2.330916363636363620e-01 5.447183341927961919e+01
2.331383434343434202e-01 5.717960065854342844e+01
2.331850505050505062e-01 5.995228637870092570e+01
2.332317575757575645e-01 6.278983727792615355e+01
2.332784646464646505e-01 6.569220007214948964e+01
2.333251717171717088e-01 6.865932149502440041e+01
2.333718787878787948e-01 7.169114829794679622e+01
2.334185858585858531e-01 7.478762725005729806e+01
2.334652929292929391e-01 7.794870513822498026e+01
2.335119999999999973e-01 8.117432876706135403e+01
