2.333913043478260674e-01 4.147686638172660167e+01
2.334721124286341376e-01 3.982718984213579461e+01
2.335529205094422356e-01 3.821061904140426435e+01
2.336337285902503058e-01 3.662717704238595928e+01
2.337145366710584038e-01 3.507688692812204323e+01
2.337953447518664740e-01 3.355977180214640754e+01
2.338761528326745442e-01 3.207585478816687186e+01
2.339569609134826422e-01 3.062515903033774833e+01
2.340377689942907125e-01 2.920770769308836634e+01
2.341185770750988104e-01 2.782352396115429372e+01
2.341993851559068807e-01 2.647263103966157516e+01
2.342801932367149509e-01 2.515505215399015881e+01
2.343610013175230489e-01 2.387081054985163320e+01
2.344418093983311191e-01 2.261992949336040581e+01
2.345226174791391893e-01 2.140243227084498301e+01
2.346034255599472873e-01 2.021834218907384084e+01
2.346842336407553575e-01 1.906768257504628394e+01
2.347650417215634555e-01 1.795047677615987780e+01
2.348458498023715257e-01 1.686674816004154920e+01
2.349266578831795960e-01 1.581652011476917785e+01
2.350074659639876939e-01 1.479981604865681177e+01
2.350882740447957642e-01 1.381665939035529433e+01
2.351690821256038622e-01 1.286707358887667318e+01
2.352498902064119324e-01 1.195108211353137762e+01
2.353306982872200026e-01 1.106870845395745206e+01
2.354115063680281006e-01 1.021997612012239998e+01
2.354923144488361708e-01 9.404908642341769820e+00
2.355731225296442410e-01 8.623529571199163968e+00
2.356539306104523390e-01 7.875862477662649574e+00
2.357347386912604092e-01 7.161930952991343524e+00
2.358155467720685072e-01 6.481758608800378241e+00
2.358963548528765775e-01 5.835369076973798919e+00
2.359771629336846477e-01 5.222786009797596662e+00
2.360579710144927457e-01 4.644033079811441311e+00
2.361387790953008159e-01 4.099133979937096051e+00
2.362195871761088861e-01 3.588112423386859984e+00
2.363003952569169841e-01 3.110992143719586878e+00
2.363812033377250543e-01 2.667796894795648743e+00
2.364620114185331523e-01 2.258550450817668143e+00
2.365428194993412225e-01 1.883276606332692005e+00
2.366236275801492928e-01 1.541999176164761121e+00
2.367044356609573907e-01 1.234741995515695745e+00
2.367852437417654610e-01 9.615289198691177042e-01
2.368660518225735589e-01 7.223838250644918357e-01
2.369468599033816292e-01 5.173306072464608496e-01
2.370276679841896994e-01 3.463931828985258310e-01
2.371084760649977974e-01 2.095954888293579677e-01
2.371892841458058676e-01 1.069614821692321666e-01
2.372700922266139378e-01 3.851514037027987947e-02
2.373509003074220358e-01 4.280461219238255316e-03
2.374317083882301060e-01 4.281462820554344725e-03
2.375125164690382040e-01 3.854218360819878370e-02
2.375933245498462743e-01 1.070866823402605583e-01
2.376741326306543445e-01 2.099390381048265031e-01
2.377549407114624425e-01 3.471233503065277448e-01
2.378357487922705127e-01 5.186637386878043543e-01
2.379165568730785829e-01 7.245843432989366173e-01
2.379973649538866809e-01 9.649093245390816254e-01
2.380781730346947511e-01 1.239662863112571012e+00
2.381589811155028491e-01 1.548869160059914485e+00
2.382397891963109193e-01 1.892552436737571675e+00
2.383205972771189896e-01 2.270736934852865208e+00
2.384014053579270875e-01 2.683446916403354088e+00
2.384822134387351578e-01 3.130706663730608685e+00
2.385630215195432557e-01 3.612540479502494684e+00
2.386438296003513260e-01 4.128972686726728014e+00
2.387246376811593962e-01 4.680027628693354202e+00
2.388054457619674942e-01 5.265729669069928676e+00
2.388862538427755644e-01 5.886103191806881796e+00
2.389670619235836346e-01 6.541172601210154092e+00
2.390478700043917326e-01 7.230962321891070133e+00
2.391286780851998028e-01 7.955496798790504087e+00
2.392094861660079008e-01 8.714800497188530670e+00
2.392902942468159710e-01 9.508897902687293069e+00
2.393711023276240413e-01 1.033781352119548025e+01
2.394519104084321393e-01 1.120157187896687034e+01
2.395327184892402095e-01 1.210019752255892200e+01
2.396135265700483075e-01 1.303371501890134709e+01
2.396943346508563777e-01 1.400214895519608227e+01
2.397751427316644479e-01 1.500552393899619830e+01
2.398559508124725459e-01 1.604386459816883814e+01
2.399367588932806161e-01 1.711719558095427729e+01
2.400175669740886863e-01 1.822554155584082025e+01
2.400983750548967843e-01 1.936892721169011367e+01
2.401791831357048546e-01 2.054737725764507772e+01
2.402599912165129525e-01 2.176091642328954734e+01
2.403407992973210228e-01 2.300956945838021284e+01
2.404216073781290930e-01 2.429336113313061674e+01
2.405024154589371910e-01 2.561231623797382184e+01
2.405832235397452612e-01 2.696645958372331364e+01
2.406640316205533314e-01 2.835581600150587533e+01
2.407448397013614294e-01 2.978041034284637689e+01
2.408256477821694996e-01 3.124026747939279858e+01
2.409064558629775976e-01 3.273541230339480279e+01
2.409872639437856678e-01 3.426586972719478297e+01
2.410680720245937381e-01 3.583166468362523460e+01
2.411488801054018360e-01 3.743282212563588729e+01
2.412296881862099063e-01 3.906936702681787210e+01
2.413104962670180043e-01 4.074132438076939877e+01
2.413913043478260745e-01 4.244871920159548750e+01
