2.326770186335403445e-01 2.485944873225711262e+02
2.327578267143484148e-01 2.387069803544692377e+02
2.328386347951565127e-01 2.290178995839914364e+02
2.329194428759645830e-01 2.195273830856268091e+02
2.330002509567726809e-01 2.102355690557350556e+02
2.330810590375807512e-01 2.011425958134005612e+02
2.331618671183888214e-01 1.922486017996698138e+02
2.332426751991969194e-01 1.835537255782627426e+02
2.333234832800049896e-01 1.750581058353705259e+02
2.334042913608130876e-01 1.667618813788556622e+02
2.334850994416211578e-01 1.586651911396621699e+02
2.335659075224292280e-01 1.507681741707390870e+02
2.336467156032373260e-01 1.430709696473051054e+02
2.337275236840453962e-01 1.355737168669705284e+02
2.338083317648534665e-01 1.282765552498169654e+02
2.338891398456615645e-01 1.211796243379158398e+02
2.339699479264696347e-01 1.142830637964215015e+02
2.340507560072777327e-01 1.075870134117199939e+02
2.341315640880858029e-01 1.010916130933835859e+02
2.342123721688938731e-01 9.479700287340571663e+01
2.342931802497019711e-01 8.870332290520569529e+01
2.343739883305100413e-01 8.281071346554294621e+01
2.344547964113181393e-01 7.711931495285516291e+01
2.345356044921262095e-01 7.162926788839180858e+01
2.346164125729342798e-01 6.634071291525249592e+01
2.346972206537423777e-01 6.125379079929190596e+01
2.347780287345504480e-01 5.636864242847636319e+01
2.348588368153585182e-01 5.168540881325316150e+01
2.349396448961666162e-01 4.720423108611471008e+01
2.350204529769746864e-01 4.292525050218172566e+01
2.351012610577827844e-01 3.884860843902398386e+01
2.351820691385908546e-01 3.497444639624854545e+01
2.352628772193989248e-01 3.130290599574601274e+01
2.353436853002070228e-01 2.783412898208938202e+01
2.354244933810150930e-01 2.456825722184983718e+01
2.355053014618231633e-01 2.150543270424873299e+01
2.355861095426312612e-01 1.864579754061414363e+01
2.356669176234393315e-01 1.598949396463128103e+01
2.357477257042474295e-01 1.353666433249675549e+01
2.358285337850554997e-01 1.128745112247798055e+01
2.359093418658635699e-01 9.241996935409504843e+00
2.359901499466716679e-01 7.400444494398308315e+00
2.360709580274797381e-01 5.762936644797823860e+00
2.361517661082878361e-01 4.329616354443368564e+00
2.362325741890959063e-01 3.100626713360570275e+00
2.363133822699039766e-01 2.076110934041477840e+00
2.363941903507120745e-01 1.256212351253895410e+00
2.364749984315201448e-01 6.410744220851257724e-01
2.365558065123282150e-01 2.308407259997377892e-01
2.366366145931363130e-01 2.565496477618795651e-02
2.367174226739443832e-01 2.566096254410253283e-02
2.367982307547524812e-01 2.310026657590621979e-01
2.368790388355605514e-01 6.418241432269579105e-01
2.369598469163686216e-01 1.258269586087603642e+00
2.370406549971767196e-01 2.080483307790316427e+00
2.371214630779847898e-01 3.108609744169923861e+00
2.372022711587928601e-01 4.342793453359123923e+00
2.372830792396009580e-01 5.783179115877074672e+00
2.373638873204090283e-01 7.429911534519447969e+00
2.374446954012171263e-01 9.283135634418377080e+00
2.375255034820251965e-01 1.134299646309415976e+01
2.376063115628332667e-01 1.360963919039340908e+01
2.376871196436413647e-01 1.608320910856593855e+01
2.377679277244494349e-01 1.876385163192710337e+01
2.378487358052575329e-01 2.165171229751805981e+01
2.379295438860656031e-01 2.474693676440866952e+01
2.380103519668736733e-01 2.804967081417680319e+01
2.380911600476817713e-01 3.156006035055192527e+01
2.381719681284898416e-01 3.527825139997842285e+01
2.382527762092979118e-01 3.920439011079314895e+01
2.383335842901060098e-01 4.333862275395726016e+01
2.384143923709140800e-01 4.768109572268510021e+01
2.384952004517221780e-01 5.223195553236266875e+01
2.385760085325302482e-01 5.699134882120175405e+01
2.386568166133383184e-01 6.195942234896250511e+01
2.387376246941464164e-01 6.713632299880305254e+01
2.388184327749544866e-01 7.252219777499468023e+01
2.388992408557625846e-01 7.811719380503045329e+01
2.389800489365706548e-01 8.392145833874084815e+01
2.390608570173787251e-01 8.993513874769369920e+01
2.391416650981868230e-01 9.615838252625405858e+01
2.392224731789948933e-01 1.025913372910136445e+02
2.393032812598029635e-01 1.092341507809330778e+02
2.393840893406110615e-01 1.160869708571496375e+02
2.394648974214191317e-01 1.231499455032416677e+02
2.395457055022272297e-01 1.304232228253308676e+02
2.396265135830352999e-01 1.379069510515949162e+02
2.397073216638433701e-01 1.456012785325503387e+02
2.397881297446514681e-01 1.535063537414097823e+02
2.398689378254595383e-01 1.616223252728755426e+02
2.399497459062676086e-01 1.699493418453829463e+02
2.400305539870757066e-01 1.784875522983940073e+02
2.401113620678837768e-01 1.872371055939933058e+02
2.401921701486918748e-01 1.961981508174627322e+02
2.402729782294999450e-01 2.053708371751513369e+02
2.403537863103080152e-01 2.147553139968214566e+02
2.404345943911161132e-01 2.243517307338457556e+02
2.405154024719241834e-01 2.341602369604863156e+02
2.405962105527322814e-01 2.441809823724732951e+02
2.406770186335403516e-01 2.544141167890110182e+02
