2.333913043478260674e-01 7.791390818980698185e+00
2.334721124286341376e-01 7.479462840285385994e+00
2.335529205094422356e-01 7.173921795361705378e+00
2.336337285902503058e-01 6.874766603745211313e+00
2.337145366710584038e-01 6.581996197780989988e+00
2.337953447518664740e-01 6.295609522908358180e+00
2.338761528326745442e-01 6.015605537497619615e+00
2.339569609134826422e-01 5.741983212817383553e+00
2.340377689942907125e-01 5.474741533228373314e+00
2.341185770750988104e-01 5.213879495967995936e+00
2.341993851559068807e-01 4.959396111251198391e+00
2.342801932367149509e-01 4.711290402320114978e+00
2.343610013175230489e-01 4.469561405316116343e+00
2.344418093983311191e-01 4.234208169391305177e+00
2.345226174791391893e-01 4.005229756630123816e+00
2.346034255599472873e-01 3.782625242105904562e+00
2.346842336407553575e-01 3.566393713888004857e+00
2.347650417215634555e-01 3.356534272973929589e+00
2.348458498023715257e-01 3.153046033301436069e+00
2.349266578831795960e-01 2.955928121853793389e+00
2.350074659639876939e-01 2.765179678543268960e+00
2.350882740447957642e-01 2.580799856246805746e+00
2.351690821256038622e-01 2.402787820798194307e+00
2.352498902064119324e-01 2.231142751024278503e+00
2.353306982872200026e-01 2.065863838706798461e+00
2.354115063680281006e-01 1.906950288602671906e+00
2.354923144488361708e-01 1.754401318416841438e+00
2.355731225296442410e-01 1.608216158869963497e+00
2.356539306104523390e-01 1.468394053576684177e+00
2.357347386912604092e-01 1.334934259191204786e+00
2.358155467720685072e-01 1.207836045301487804e+00
2.358963548528765775e-01 1.087098694455943759e+00
2.359771629336846477e-01 9.727215021881656654e-01
2.360579710144927457e-01 8.647037769896941395e-01
2.361387790953008159e-01 7.630448403403851110e-01
2.362195871761088861e-01 6.677440266517958856e-01
2.363003952569169841e-01 5.788006833442439492e-01
2.363812033377250543e-01 4.962141707641674060e-01
2.364620114185331523e-01 4.199838622622718010e-01
2.365428194993412225e-01 3.501091441341604993e-01
2.366236275801492928e-01 2.865894156609694043e-01
2.367044356609573907e-01 2.294240890730083748e-01
2.367852437417654610e-01 1.786125895798297281e-01
2.368660518225735589e-01 1.341543553591245386e-01
2.369468599033816292e-01 9.604883755679585744e-02
2.370276679841896994e-01 6.429550027926923816e-02
2.371084760649977974e-01 3.889382061045491834e-02
2.371892841458058676e-01 1.984328859686544308e-02
2.372700922266139378e-01 7.143407251156401287e-03
2.373509003074220358e-01 7.936925599837177381e-04
2.374317083882301060e-01 7.936734733393353402e-04
2.375125164690382040e-01 7.142891910593689164e-03
2.375933245498462743e-01 1.984090276029659705e-02
2.376741326306543445e-01 3.888727387584639539e-02
2.377549407114624425e-01 6.428158608243228489e-02
2.378357487922705127e-01 9.602343317141429080e-02
2.379165568730785829e-01 1.341124218994666772e-01
2.379973649538866809e-01 1.785481719959170765e-01
2.380781730346947511e-01 2.293303161569983095e-01
2.381589811155028491e-01 2.864585000447783525e-01
2.382397891963109193e-01 3.499323822898932623e-01
2.383205972771189896e-01 4.197516344902910701e-01
2.384014053579270875e-01 4.959159412148224644e-01
2.384822134387351578e-01 5.784249999983608337e-01
2.385630215195432557e-01 6.672785213456838838e-01
2.386438296003513260e-01 7.624762287183961540e-01
2.387246376811593962e-01 8.640178585697072533e-01
2.388054457619674942e-01 9.719031602991834440e-01
2.388862538427755644e-01 1.086131896285976062e+00
2.389670619235836346e-01 1.206703841866526350e+00
2.390478700043917326e-01 1.333618785344561575e+00
2.391286780851998028e-01 1.466876528023918214e+00
2.392094861660079008e-01 1.606476884122116866e+00
2.392902942468159710e-01 1.752419680880841657e+00
2.393711023276240413e-01 1.904704758468490189e+00
2.394519104084321393e-01 2.063331970027475037e+00
2.395327184892402095e-01 2.228301181687451393e+00
2.396135265700483075e-01 2.399612272537751778e+00
2.396943346508563777e-01 2.577265134634071586e+00
2.397751427316644479e-01 2.761259672989220704e+00
2.398559508124725459e-01 2.951595805598024924e+00
2.399367588932806161e-01 3.148273463420250273e+00
2.400175669740886863e-01 3.351292590376028002e+00
2.400983750548967843e-01 3.560653143381650843e+00
2.401791831357048546e-01 3.776355092270585079e+00
2.402599912165129525e-01 3.998398419880207832e+00
2.403407992973210228e-01 4.226783122021642747e+00
2.404216073781290930e-01 4.461509207452317050e+00
2.405024154589371910e-01 4.702576697910377135e+00
2.405832235397452612e-01 4.949985628095751267e+00
2.406640316205533314e-01 5.203736045682460620e+00
2.407448397013614294e-01 5.463828011296390841e+00
2.408256477821694996e-01 5.730261598554989178e+00
2.409064558629775976e-01 6.003036894037416360e+00
2.409872639437856678e-01 6.282153997283200120e+00
2.410680720245937381e-01 6.567613020768171772e+00
2.411488801054018360e-01 6.859414090025824251e+00
2.412296881862099063e-01 7.157557343475618339e+00
2.413104962670180043e-01 7.462042932528208716e+00
2.413913043478260745e-01 7.772871021570592731e+00
