2.319627329192546494e-01 1.548335501442341524e+02
2.320435410000627474e-01 1.486335120303971848e+02
2.321243490808708176e-01 1.425605026266493383e+02
2.322051571616788879e-01 1.366144971497828351e+02
2.322859652424869858e-01 1.307954710770166855e+02
2.323667733232950561e-01 1.251034001444675710e+02
2.324475814041031263e-01 1.195382603463680056e+02
2.325283894849112243e-01 1.141000279381434979e+02
2.326091975657192945e-01 1.087886794324548418e+02
2.326900056465273925e-01 1.036041916025415190e+02
2.327708137273354627e-01 9.854654147995553615e+01
2.328516218081435329e-01 9.361570635515202810e+01
2.329324298889516309e-01 8.881166377868913742e+01
2.330132379697597012e-01 8.413439155996940144e+01
2.330940460505677714e-01 7.958386776736013246e+01
2.331748541313758694e-01 7.516007072838411318e+01
2.332556622121839396e-01 7.086297903006521892e+01
2.333364702929920376e-01 6.669257151833582498e+01
2.334172783738001078e-01 6.264882729760800828e+01
2.334980864546081780e-01 5.873172573344801606e+01
2.335788945354162760e-01 5.494124644845894068e+01
2.336597026162243462e-01 5.127736932543588466e+01
2.337405106970324442e-01 4.774007450617324366e+01
2.338213187778405144e-01 4.432934239196860915e+01
2.339021268586485847e-01 4.104515364267549415e+01
2.339829349394566826e-01 3.788748917750329781e+01
2.340637430202647529e-01 3.485633017526949118e+01
2.341445511010728231e-01 3.195165807350406340e+01
2.342253591818809211e-01 2.917345456869890086e+01
2.343061672626889913e-01 2.652170161726368747e+01
2.343869753434970893e-01 2.399638143426547998e+01
2.344677834243051595e-01 2.159747649395902869e+01
2.345485915051132297e-01 1.932496952960111969e+01
2.346293995859213277e-01 1.717884353437701961e+01
2.347102076667293979e-01 1.515908175965050653e+01
2.347910157475374682e-01 1.326566771662692545e+01
2.348718238283455662e-01 1.149858517541652425e+01
2.349526319091536364e-01 9.857818165409062416e+00
2.350334399899617344e-01 8.343350975032269190e+00
2.351142480707698046e-01 6.955168152031419027e+00
2.351950561515778748e-01 5.693254503097496588e+00
2.352758642323859728e-01 4.557595094421192705e+00
2.353566723131940430e-01 3.548175251037825273e+00
2.354374803940021410e-01 2.664980557317464083e+00
2.355182884748102112e-01 1.907996856880401326e+00
2.355990965556182815e-01 1.277210252250421840e+00
2.356799046364263794e-01 7.726071052854373011e-01
2.357607127172344497e-01 3.941740371098325091e-01
2.358415207980425199e-01 1.418979278191766225e-01
2.359223288788506179e-01 1.576591676093144767e-02
2.360031369596586881e-01 1.576540249406930411e-02
2.360839450404667861e-01 1.418840426764386708e-01
2.361647531212748563e-01 3.941097541822514150e-01
2.362455612020829265e-01 7.724307129956077267e-01
2.363263692828910245e-01 1.276835354391578692e+00
2.364071773636990947e-01 1.907312372604647033e+00
2.364879854445071650e-01 2.663850721274564570e+00
2.365687935253152629e-01 3.546439612967442923e+00
2.366496016061233332e-01 4.555068519713274533e+00
2.367304096869314312e-01 5.689727172467765826e+00
2.368112177677395014e-01 6.950405561348341088e+00
2.368920258485475716e-01 8.337093935765457431e+00
2.369728339293556696e-01 9.849782804394310531e+00
2.370536420101637398e-01 1.148846293478263902e+01
2.371344500909718378e-01 1.325312535374815859e+01
2.372152581717799080e-01 1.514376134758191839e+01
2.372960662525879783e-01 1.716036246140171784e+01
2.373768743333960762e-01 1.930292049934260490e+01
2.374576824142041465e-01 2.157142752496281801e+01
2.375384904950122167e-01 2.396587586126605629e+01
2.376192985758203147e-01 2.648625809036545320e+01
2.377001066566283849e-01 2.913256705253180812e+01
2.377809147374364829e-01 3.190479584860424112e+01
2.378617228182445531e-01 3.480293783768955507e+01
2.379425308990526233e-01 3.782698663835770958e+01
2.380233389798607213e-01 4.097693612855032796e+01
2.381041470606687915e-01 4.425278044495043162e+01
2.381849551414768618e-01 4.765451398340267275e+01
2.382657632222849597e-01 5.118213139989688187e+01
2.383465713030930300e-01 5.483562760783362222e+01
2.384273793839011280e-01 5.861499778133208594e+01
2.385081874647091982e-01 6.252023735335369992e+01
2.385889955455172684e-01 6.655134201520360193e+01
2.386698036263253664e-01 7.070830771867392173e+01
2.387506117071334366e-01 7.499113067300820035e+01
2.388314197879415346e-01 7.939980734842724530e+01
2.389122278687496048e-01 8.393433447335287667e+01
2.389930359495576750e-01 8.859470903484394455e+01
2.390738440303657730e-01 9.338092828146346847e+01
2.391546521111738433e-01 9.829298971713721755e+01
2.392354601919819135e-01 1.033308911087707713e+02
2.393162682727900115e-01 1.084946304799345000e+02
2.393970763535980817e-01 1.137842061142940082e+02
2.394778844344061797e-01 1.191996165549964815e+02
2.395586925152142499e-01 1.247408606038353724e+02
2.396395005960223201e-01 1.304079373216284239e+02
2.397203086768304181e-01 1.362008460287608216e+02
2.398011167576384883e-01 1.421195863046149555e+02
2.398819248384465586e-01 1.481641579878349262e+02
2.399627329192546565e-01 1.543345611764016496e+02
