2.326770186335403445e-01 4.667919064901636972e+01
2.327578267143484148e-01 4.481014745715879144e+01
2.328386347951565127e-01 4.297938913883692891e+01
2.329194428759645830e-01 4.118690859217252154e+01
2.330002509567726809e-01 3.943269879262357591e+01
2.330810590375807512e-01 3.771675279417139848e+01
2.331618671183888214e-01 3.603906372839485783e+01
2.332426751991969194e-01 3.439962480522253685e+01
2.333234832800049896e-01 3.279842931202188083e+01
2.334042913608130876e-01 3.123547061442680217e+01
2.334850994416211578e-01 2.971074215625726467e+01
2.335659075224292280e-01 2.822423745897101099e+01
2.336467156032373260e-01 2.677595012192547586e+01
2.337275236840453962e-01 2.536587382260554335e+01
2.338083317648534665e-01 2.399400231659127058e+01
2.338891398456615645e-01 2.266032943717902981e+01
2.339699479264696347e-01 2.136484909580676117e+01
2.340507560072777327e-01 2.010755528167663542e+01
2.341315640880858029e-01 1.888844206205399701e+01
2.342123721688938731e-01 1.770750358235493849e+01
2.342931802497019711e-01 1.656473406563698347e+01
2.343739883305100413e-01 1.546012781314110995e+01
2.344547964113181393e-01 1.439367920388515465e+01
2.345356044921262095e-01 1.336538269517146560e+01
2.346164125729342798e-01 1.237523282178147888e+01
2.346972206537423777e-01 1.142322419697790181e+01
2.347780287345504480e-01 1.050935151165384340e+01
2.348588368153585182e-01 9.633609534734446811e+00
2.349396448961666162e-01 8.795993113165078370e+00
2.350204529769746864e-01 7.996497171716778318e+00
2.351012610577827844e-01 7.235116713377154340e+00
2.351820691385908546e-01 6.511846818833594952e+00
2.352628772193989248e-01 5.826682646899349116e+00
2.353436853002070228e-01 5.179619434264922440e+00
2.354244933810150930e-01 4.570652495666020165e+00
2.355053014618231633e-01 3.999777223681237004e+00
2.355861095426312612e-01 3.466989088939514296e+00
2.356669176234393315e-01 2.972283639992391091e+00
2.357477257042474295e-01 2.515656503439561043e+00
2.358285337850554997e-01 2.097103383795405840e+00
2.359093418658635699e-01 1.716620063401824936e+00
2.359901499466716679e-01 1.374202402774929999e+00
2.360709580274797381e-01 1.069846340287115671e+00
2.361517661082878361e-01 8.035478922781118527e-01
2.362325741890959063e-01 5.753031530565055895e-01
2.363133822699039766e-01 3.851082948951690121e-01
2.363941903507120745e-01 2.329595680448428574e-01
2.364749984315201448e-01 1.188533007139908892e-01
2.365558065123282150e-01 4.278589903847976328e-02
2.366366145931363130e-01 4.753847159418374616e-03
2.367174226739443832e-01 4.753707163565707230e-03
2.367982307547524812e-01 4.278211910169459065e-02
2.368790388355605514e-01 1.188358009885256278e-01
2.369598469163686216e-01 2.329115487961898046e-01
2.370406549971767196e-01 3.850062364704348039e-01
2.371214630779847898e-01 5.751168159115098710e-01
2.372022711587928601e-01 8.032403169829169798e-01
2.372830792396009580e-01 1.069373847524443422e+00
2.373638873204090283e-01 1.373514593319397070e+00
2.374446954012171263e-01 1.715659818105244039e+00
2.375255034820251965e-01 2.095806863596767933e+00
2.376063115628332667e-01 2.513953149521599428e+00
2.376871196436413647e-01 2.970096173448472765e+00
2.377679277244494349e-01 3.464233511063092408e+00
2.378487358052575329e-01 3.996362815859301421e+00
2.379295438860656031e-01 4.566481819374192064e+00
2.380103519668736733e-01 5.174588331150186349e+00
2.380911600476817713e-01 5.820680238660588479e+00
2.381719681284898416e-01 6.504755507229183387e+00
2.382527762092979118e-01 7.226812180302846222e+00
2.383335842901060098e-01 7.986848379180442770e+00
2.384143923709140800e-01 8.784862303206461220e+00
2.384952004517221780e-01 9.620852229661075228e+00
2.385760085325302482e-01 1.049481651376747315e+01
2.386568166133383184e-01 1.140675358871954614e+01
2.387376246941464164e-01 1.235666196556656615e+01
2.388184327749544866e-01 1.334454023366468789e+01
2.388992408557625846e-01 1.437038705987637499e+01
2.389800489365706548e-01 1.543420118930070117e+01
2.390608570173787251e-01 1.653598144504212186e+01
2.391416650981868230e-01 1.767572672794178246e+01
2.392224731789948933e-01 1.885343601698281546e+01
2.393032812598029635e-01 2.006910836920681618e+01
2.393840893406110615e-01 2.132274291919026155e+01
2.394648974214191317e-01 2.261433887987641356e+01
2.395457055022272297e-01 2.394389554217517002e+01
2.396265135830352999e-01 2.531141227480883416e+01
2.397073216638433701e-01 2.671688852434132500e+01
2.397881297446514681e-01 2.816032381544456342e+01
2.398689378254595383e-01 2.964171775089827321e+01
2.399497459062676086e-01 3.116107001135303278e+01
2.400305539870757066e-01 3.271838035505335540e+01
2.401113620678837768e-01 3.431364861882945405e+01
2.401921701486918748e-01 3.594687471706519943e+01
2.402729782294999450e-01 3.761805864204206529e+01
2.403537863103080152e-01 3.932720046450223350e+01
2.404345943911161132e-01 4.107430033274565062e+01
2.405154024719241834e-01 4.285935847282748057e+01
2.405962105527322814e-01 4.468237518924592422e+01
2.406770186335403516e-01 4.654335086447482439e+01
