2.319627329192546494e-01 8.250455550339664796e+02
2.320435410000627474e-01 7.922303586976219094e+02
2.321243490808708176e-01 7.600737184451652411e+02
2.322051571616788879e-01 7.285760921558639893e+02
2.322859652424869858e-01 6.977379381196302575e+02
2.323667733232950561e-01 6.675597150338644497e+02
2.324475814041031263e-01 6.380418820010911531e+02
2.325283894849112243e-01 6.091848985317552660e+02
2.326091975657192945e-01 5.809892245418147922e+02
2.326900056465273925e-01 5.534553203564995556e+02
2.327708137273354627e-01 5.265836467071570723e+02
2.328516218081435329e-01 5.003746647316227154e+02
2.329324298889516309e-01 4.748288359754384373e+02
2.330132379697597012e-01 4.499466223909076916e+02
2.330940460505677714e-01 4.257284863368292918e+02
2.331748541313758694e-01 4.021748905801252931e+02
2.332556622121839396e-01 3.792862982936680964e+02
2.333364702929920376e-01 3.570631730575615279e+02
2.334172783738001078e-01 3.355059788600177058e+02
2.334980864546081780e-01 3.146151800946761341e+02
2.335788945354162760e-01 2.943912415629501993e+02
2.336597026162243462e-01 2.748346284732736535e+02
2.337405106970324442e-01 2.559458064407509710e+02
2.338213187778405144e-01 2.377252414888790213e+02
2.339021268586485847e-01 2.201734000452397311e+02
2.339829349394566826e-01 2.032907489480083996e+02
2.340637430202647529e-01 1.870777554398059408e+02
2.341445511010728231e-01 1.715348871711693732e+02
2.342253591818809211e-01 1.566626121996303880e+02
2.343061672626889913e-01 1.424613989894154997e+02
2.343869753434970893e-01 1.289317164121637802e+02
2.344677834243051595e-01 1.160740337462456324e+02
2.345485915051132297e-01 1.038888206774514487e+02
2.346293995859213277e-01 9.237654729810708432e+01
2.347102076667293979e-01 8.153768410798002719e+01
2.347910157475374682e-01 7.137270201314657925e+01
2.348718238283455662e-01 6.188207232735312857e+01
2.349526319091536364e-01 5.306626677143397330e+01
2.350334399899617344e-01 4.492575747292347188e+01
2.351142480707698046e-01 3.746101696607635034e+01
2.351950561515778748e-01 3.067251819268586388e+01
2.352758642323859728e-01 2.456073450144307913e+01
2.353566723131940430e-01 1.912613964790513421e+01
2.354374803940021410e-01 1.436920779467338249e+01
2.355182884748102112e-01 1.029041351148333661e+01
2.355990965556182815e-01 6.890231775038735407e+00
2.356799046364263794e-01 4.169137968936953875e+00
2.357607127172344497e-01 2.127607883865850980e+00
2.358415207980425199e-01 7.661177176041200632e-01
2.359223288788506179e-01 8.514407481990564353e-02
2.360031369596586881e-01 8.516396725071891105e-02
2.360839450404667861e-01 7.666548136757523890e-01
2.361647531212748563e-01 2.130094439769254944e+00
2.362455612020829265e-01 4.175961078408948701e+00
2.363263692828910245e-01 6.904733369354179473e+00
2.364071773636990947e-01 1.031689035926936171e+01
2.364879854445071650e-01 1.441291150211625904e+01
2.365687935253152629e-01 1.919327665858009979e+01
2.366496016061233332e-01 2.465846609673022627e+01
2.367304096869314312e-01 3.080896049120729785e+01
2.368112177677395014e-01 3.764524092365118690e+01
2.368920258485475716e-01 4.516778888338922826e+01
2.369728339293556696e-01 5.337708626630762865e+01
2.370536420101637398e-01 6.227361537486409304e+01
2.371344500909718378e-01 7.185785891929647562e+01
2.372152581717799080e-01 8.213030001637837074e+01
2.372960662525879783e-01 9.309142219027204135e+01
2.373768743333960762e-01 1.047417093712832497e+02
2.374576824142041465e-01 1.170816458980821295e+02
2.375384904950122167e-01 1.301117165158327396e+02
2.376192985758203147e-01 1.438324063755173938e+02
2.377001066566283849e-01 1.582442010370471337e+02
2.377809147374364829e-01 1.733475864658830119e+02
2.378617228182445531e-01 1.891430490352154266e+02
2.379425308990526233e-01 2.056310755248653948e+02
2.380233389798607213e-01 2.228121531226854586e+02
2.381041470606687915e-01 2.406867694218714462e+02
2.381849551414768618e-01 2.592554124236410189e+02
2.382657632222849597e-01 2.785185705363753073e+02
2.383465713030930300e-01 2.984767325747866380e+02
2.384273793839011280e-01 3.191303877611240978e+02
2.385081874647091982e-01 3.404800257247557624e+02
2.385889955455172684e-01 3.625261365017104254e+02
2.386698036263253664e-01 3.852692105356179582e+02
2.387506117071334366e-01 4.087097386756137212e+02
2.388314197879415346e-01 4.328482121790735278e+02
2.389122278687496048e-01 4.576851227106690772e+02
2.389930359495576750e-01 4.832209623414680664e+02
2.390738440303657730e-01 5.094562235497971869e+02
2.391546521111738433e-01 5.363913992204927581e+02
2.392354601919819135e-01 5.640269826460064451e+02
2.393162682727900115e-01 5.923634675254728563e+02
2.393970763535980817e-01 6.214013479644665949e+02
2.394778844344061797e-01 6.511411184775713537e+02
2.395586925152142499e-01 6.815832739849896598e+02
2.396395005960223201e-01 7.127283098129805694e+02
2.397203086768304181e-01 7.445767216963362216e+02
2.398011167576384883e-01 7.771290057768122779e+02
2.398819248384465586e-01 8.103856586023982800e+02
2.399627329192546565e-01 8.443471771286240255e+02
