9.9650143855018 1402132.2898177058
10.46614892702809 2050815.5677140416
10.992485221306096 2999606.045250601
12.041198360776516 5419321.973328217
13.565009158808488 9385924.668076463
15.389149258631768 11593649.950439574
18.336570502824408 13160308.046906702
22.312797986787057 26989364.61850886
25.670648145375544 36277138.87134233
28.919262582608358 50865347.79371065
32.351427985528105 74397721.14947382
36.19092602078416 113513070.54434265
40.770879129179804 146264056.72325367
48.57955999062195 264252039.95154408
59.11388436517014 386505753.60708296
72.43851833023007 669403645.8782823
124.27058447769363 2377643780.49889
154.4317816642756 3784265961.3275337
205.84789162212414 6836949708.649804
246.99835673065485 9586307950.357725
355.62259401906596 19659749581.49475
441.9342761222288 27565569697.94414
537.7663301342735 42058444927.78319
640.7625308475931 49802105782.49417
866.1540279776071 69829140618.55273
1010.5695544226207 75986063277.22224
1122.6084593649466 72842580251.08238
1247.0687915764202 56531899469.45076
1347.0259157382216 40318520499.08938
1414.7670336727447 28755147279.527225
1506.8922239342417 19659749581.49467
