1.262626262626262587e+03 1.992970204607912640e+17
3.787878787878787534e+03 2.001982864217440320e+17
6.313131313131312709e+03 2.004499854748827840e+17
8.838383838383837428e+03 1.991299102891771520e+17
1.136363636363636397e+04 2.022241699735397440e+17
1.388888888888888869e+04 2.007776399943279040e+17
1.641414141414141341e+04 1.993707782503843200e+17
1.893939393939393631e+04 2.000870995613784320e+17
2.146464646464646285e+04 1.968041062120982080e+17
2.398989898989898938e+04 1.928396899578506560e+17
2.651515151515151592e+04 1.994684516256984000e+17
2.904040404040403882e+04 1.978949293279059520e+17
3.156565656565656172e+04 1.940792104331384000e+17
3.409090909090908826e+04 1.900540814955076160e+17
3.661616161616161116e+04 1.966738848631361600e+17
3.914141414141414134e+04 1.905639943758212480e+17
4.166666666666666424e+04 1.888377538080755520e+17
4.419191919191918714e+04 1.845278757569210240e+17
4.671717171717171732e+04 1.835806790598053760e+17
4.924242424242424022e+04 1.796356336694016960e+17
5.176767676767676312e+04 1.795205400474144000e+17
5.429292929292928602e+04 1.768817566748473280e+17
5.681818181818181620e+04 1.768665925212401280e+17
5.934343434343433910e+04 1.735919063466827200e+17
6.186868686868686200e+04 1.712333105494396480e+17
6.439393939393939218e+04 1.668501006661330240e+17
6.691919191919191508e+04 1.641065899859276800e+17
6.944444444444442343e+04 1.667752632475865600e+17
7.196969696969697543e+04 1.623885376133939840e+17
7.449494949494948378e+04 1.635777744997715520e+17
7.702020202020202123e+04 1.612945293844934720e+17
7.954545454545452958e+04 1.495730515759534720e+17
8.207070707070706703e+04 1.479621263359332800e+17
8.459595959595958993e+04 1.470520850568279040e+17
8.712121212121212739e+04 1.468457271367919040e+17
8.964646464646463573e+04 1.400426766510243360e+17
9.217171717171717319e+04 1.382614603580643040e+17
9.469696969696968154e+04 1.342416921650439360e+17
9.722222222222223354e+04 1.311408316427640960e+17
9.974747474747474189e+04 1.330177443884192960e+17
1.022727272727272648e+05 1.284236112731236960e+17
1.047979797979797877e+05 1.241074118782074560e+17
1.073232323232323106e+05 1.232320270440647200e+17
1.098484848484848480e+05 1.213448970419148000e+17
1.123737373737373564e+05 1.205332810471928320e+17
1.148989898989898938e+05 1.102004006738710400e+17
1.174242424242424022e+05 1.089650994403275520e+17
1.199494949494949542e+05 1.058547713326211840e+17
1.224747474747474625e+05 1.073020775552241440e+17
1.250000000000000000e+05 9.974546159119105600e+16
1.275252525252525083e+05 9.548138194645444800e+16
1.300505050505050167e+05 9.987975711761172800e+16
1.325757575757575687e+05 9.466000672039371200e+16
1.351010101010100916e+05 8.855421940256907200e+16
1.376262626262626145e+05 8.724169715817480000e+16
1.401515151515151374e+05 8.222295584923254400e+16
1.426767676767676603e+05 8.037308220639561600e+16
1.452020202020202123e+05 7.613501046136971200e+16
1.477272727272727061e+05 7.383275357743800000e+16
1.502525252525252290e+05 7.190876207310960800e+16
1.527777777777777810e+05 6.539897586798563200e+16
1.553030303030303039e+05 6.434676096184394400e+16
1.578282828282828268e+05 6.220629661975858400e+16
1.603535353535353206e+05 5.940130197334984000e+16
1.628787878787878726e+05 5.442966129449286400e+16
1.654040404040403955e+05 5.492056623666470400e+16
1.679292929292928893e+05 5.051468419673703200e+16
1.704545454545454413e+05 4.866289482306744800e+16
1.729797979797979933e+05 4.492072065275524800e+16
1.755050505050504871e+05 4.098046272258585600e+16
1.780303030303030100e+05 4.016507166484484000e+16
1.805555555555555329e+05 3.679814970651504000e+16
1.830808080808080849e+05 3.641123473168224000e+16
1.856060606060606078e+05 3.315745885344548400e+16
1.881313131313131016e+05 3.114382225370554800e+16
1.906565656565656536e+05 2.879946078898509200e+16
1.931818181818181765e+05 2.671318555357486800e+16
1.957070707070706994e+05 2.395018746785172000e+16
1.982323232323232223e+05 2.315534289986308800e+16
2.007575757575757452e+05 1.907613387998469200e+16
2.032828282828282972e+05 1.930510836451033600e+16
2.058080808080807619e+05 1.686834456279540600e+16
2.083333333333333139e+05 1.476150981457672000e+16
2.108585858585858659e+05 1.330579956813996600e+16
2.133838383838383597e+05 1.179631301439505400e+16
2.159090909090908826e+05 1.012181527396565600e+16
2.184343434343434055e+05 8.322303798649902000e+15
2.209595959595959575e+05 7.349129625006663000e+15
2.234848484848484804e+05 6.128463345966581000e+15
2.260101010101009742e+05 4.997784061408809000e+15
2.285353535353535262e+05 4.037263928348539000e+15
2.310606060606060491e+05 3.345602468758868000e+15
2.335858585858585720e+05 2.515572741655987000e+15
2.361111111111110949e+05 1.793833843018099250e+15
2.386363636363636178e+05 1.206861280731804000e+15
2.411616161616161698e+05 7.161968780674311250e+14
2.436868686868686636e+05 3.962729737643486875e+14
2.462121212121211865e+05 1.410704224524465312e+14
2.487373737373737385e+05 2.023763426655408594e+13
