2.525252525252525083e+04 1.358255073295696640e+17
7.575757575757574523e+04 1.381222969333705760e+17
1.262626262626262615e+05 1.400759211135612800e+17
1.767676767676767486e+05 1.390208770788378400e+17
2.272727272727272939e+05 1.381501625460837600e+17
2.777777777777777519e+05 1.393161790211594400e+17
3.282828282828282681e+05 1.385266419845169600e+17
3.787878787878787261e+05 1.387173526871320000e+17
4.292929292929293588e+05 1.349006971327206400e+17
4.797979797979798168e+05 1.371554853970249600e+17
5.303030303030302748e+05 1.342115018588465600e+17
5.808080808080808492e+05 1.309319339958768000e+17
6.313131313131313073e+05 1.303312528646995200e+17
6.818181818181817653e+05 1.317239255026604800e+17
7.323232323232323397e+05 1.287774513869398400e+17
7.828282828282829141e+05 1.297578385769750400e+17
8.333333333333332557e+05 1.268400950789312000e+17
8.838383838383838302e+05 1.297641361727235200e+17
9.343434343434344046e+05 1.237254185706505600e+17
9.848484848484848626e+05 1.253948328142870400e+17
1.035353535353535321e+06 1.238071687148550400e+17
1.085858585858585779e+06 1.230261636632716800e+17
1.136363636363636469e+06 1.216620407267788800e+17
1.186868686868686927e+06 1.165535146433958400e+17
1.237373737373737153e+06 1.183768006487667200e+17
1.287878787878788076e+06 1.186564483814400000e+17
1.338383838383838302e+06 1.167670384956083200e+17
1.388888888888888992e+06 1.121722262073753600e+17
1.439393939393939450e+06 1.111104032238828800e+17
1.489898989898989908e+06 1.098950466005152000e+17
1.540404040404040366e+06 1.059370077207193600e+17
1.590909090909091057e+06 1.032006381198854400e+17
1.641414141414141282e+06 1.038014128124051200e+17
1.691919191919191973e+06 1.029612739176326400e+17
1.742424242424242431e+06 1.022534474822272000e+17
1.792929292929292889e+06 1.011190523276339200e+17
1.843434343434343347e+06 9.522556817040192000e+16
1.893939393939394038e+06 9.350001665753600000e+16
1.944444444444444263e+06 9.316204471947520000e+16
1.994949494949495187e+06 8.979947679401856000e+16
2.045454545454545412e+06 8.350259908439680000e+16
2.095959595959595870e+06 8.616063057017216000e+16
2.146464646464646794e+06 8.579975450678208000e+16
2.196969696969696786e+06 8.310451462797312000e+16
2.247474747474747244e+06 7.890299895478720000e+16
2.297979797979797702e+06 7.482739645851072000e+16
2.348484848484848626e+06 7.425195904847808000e+16
2.398989898989898618e+06 7.438979543658112000e+16
2.449494949494949542e+06 7.210903020498944000e+16
2.500000000000000000e+06 6.885072174825408000e+16
2.550505050505050458e+06 6.655473678166272000e+16
2.601010101010101382e+06 6.488037871476928000e+16
2.651515151515151374e+06 6.337270582183744000e+16
2.702020202020202298e+06 6.075406835197312000e+16
2.752525252525252756e+06 5.954947282577152000e+16
2.803030303030303214e+06 5.562440650647552000e+16
2.853535353535353206e+06 5.402502222743680000e+16
2.904040404040404130e+06 5.222871603498240000e+16
2.954545454545454588e+06 5.120944560119296000e+16
3.005050505050505511e+06 4.892432955653248000e+16
3.055555555555555504e+06 4.533537028658944000e+16
3.106060606060605962e+06 4.470583006732416000e+16
3.156565656565656420e+06 4.188145785912576000e+16
3.207070707070707344e+06 4.045967135392768000e+16
3.257575757575757336e+06 3.973695265882752000e+16
3.308080808080808260e+06 3.775610411025920000e+16
3.358585858585858718e+06 3.385441428958592000e+16
3.409090909090909176e+06 3.363667039420928000e+16
3.459595959595959168e+06 3.166519175955968000e+16
3.510101010101010092e+06 2.879611525876096000e+16
3.560606060606060550e+06 2.797822067636736000e+16
3.611111111111111473e+06 2.631839395993728000e+16
3.661616161616161466e+06 2.384533625727360000e+16
3.712121212121211924e+06 2.272690119246336000e+16
3.762626262626262382e+06 2.162159461672064000e+16
3.813131313131313305e+06 1.992255574975872000e+16
3.863636363636363298e+06 1.875671726785664000e+16
3.914141414141414221e+06 1.632581064406016000e+16
3.964646464646464679e+06 1.520755286491264000e+16
4.015151515151515137e+06 1.447491592648064000e+16
4.065656565656565595e+06 1.274794041984768000e+16
4.116161616161616519e+06 1.130431227386880000e+16
4.166666666666666046e+06 1.036337997443456000e+16
4.217171717171717435e+06 9.005336321624320000e+15
4.267676767676767893e+06 8.235146759063040000e+15
4.318181818181818351e+06 7.354780943148800000e+15
4.368686868686869740e+06 6.105700058568960000e+15
4.419191919191918336e+06 5.154091321085440000e+15
4.469696969696969725e+06 4.397712938126080000e+15
4.520202020202019252e+06 3.643536137300480000e+15
4.570707070707070641e+06 3.016317535065600000e+15
4.621212121212122031e+06 2.258925802419200000e+15
4.671717171717171557e+06 1.735184718007040000e+15
4.722222222222222947e+06 1.274211361152000000e+15
4.772727272727272473e+06 8.455993687244800000e+14
4.823232323232322931e+06 5.113738539507200000e+14
4.873737373737373389e+06 2.606240498905600000e+14
4.924242424242423847e+06 9.682664467072000000e+13
4.974747474747475237e+06 1.363816119424000000e+13
