7.575757575757575978e+03 3.427713147093834880e+17
2.272727272727272793e+04 3.504414459014350080e+17
3.787878787878787261e+04 3.462584110777186560e+17
5.303030303030303185e+04 3.462104875750835200e+17
6.818181818181819108e+04 3.447542908473630720e+17
8.333333333333334303e+04 3.460350471107795200e+17
9.848484848484848044e+04 3.429639950468080000e+17
1.136363636363636469e+05 3.412851964341558400e+17
1.287878787878788135e+05 3.357611437168742400e+17
1.439393939393939509e+05 3.362690239402643200e+17
1.590909090909091174e+05 3.353402142758054400e+17
1.742424242424242548e+05 3.299799704575443200e+17
1.893939393939393631e+05 3.337190788856089600e+17
2.045454545454545587e+05 3.339971748507763200e+17
2.196969696969696961e+05 3.278363090668032000e+17
2.348484848484848626e+05 3.231927114699897600e+17
2.500000000000000000e+05 3.236426632570924800e+17
2.651515151515151374e+05 3.136287007408428800e+17
2.803030303030303330e+05 3.166506629502092800e+17
2.954545454545454704e+05 3.168883154179814400e+17
3.106060606060606078e+05 3.098378738154892800e+17
3.257575757575757452e+05 3.087597350241420800e+17
3.409090909090909408e+05 2.923075427777676800e+17
3.560606060606060782e+05 2.931805853747596800e+17
3.712121212121212739e+05 2.838528733896998400e+17
3.863636363636363531e+05 2.992838059608358400e+17
4.015151515151514905e+05 2.852098076257753600e+17
4.166666666666666861e+05 2.767119137420300800e+17
4.318181818181818817e+05 2.778764282518681600e+17
4.469696969696970191e+05 2.709927373035468800e+17
4.621212121212120983e+05 2.685826505345958400e+17
4.772727272727272939e+05 2.544711935057472000e+17
4.924242424242424313e+05 2.517233611096409600e+17
5.075757575757575687e+05 2.538810206866048000e+17
5.227272727272727643e+05 2.489387612997273600e+17
5.378787878787879599e+05 2.396228097076787200e+17
5.530303030303029809e+05 2.372082089099443200e+17
5.681818181818182347e+05 2.405281884588364800e+17
5.833333333333333721e+05 2.342648833427430400e+17
5.984848484848485095e+05 2.237197718783769600e+17
6.136363636363637634e+05 2.181229733207219200e+17
6.287878787878787844e+05 2.150343017419289600e+17
6.439393939393940382e+05 2.130325647005260800e+17
6.590909090909091756e+05 2.022945599438412800e+17
6.742424242424241966e+05 2.016337557656422400e+17
6.893939393939394504e+05 1.963229413732608000e+17
7.045454545454544714e+05 1.887402490921753600e+17
7.196969696969697252e+05 1.867091725047116800e+17
7.348484848484848626e+05 1.759007631630336000e+17
7.500000000000000000e+05 1.731090266959232000e+17
7.651515151515152538e+05 1.709015241094912000e+17
7.803030303030302748e+05 1.585682060906496000e+17
7.954545454545455286e+05 1.552357798708812800e+17
8.106060606060607824e+05 1.486778130078643200e+17
8.257575757575758034e+05 1.466064965537996800e+17
8.409090909090909408e+05 1.412844471551411200e+17
8.560606060606059618e+05 1.406164070037913600e+17
8.712121212121212156e+05 1.289257071665971200e+17
8.863636363636364695e+05 1.310078805839744000e+17
9.015151515151514905e+05 1.213256679357772800e+17
9.166666666666667443e+05 1.210699829767065600e+17
9.318181818181818817e+05 1.171003509092633600e+17
9.469696969696970191e+05 1.090274725125401600e+17
9.621212121212122729e+05 1.060211351266688000e+17
9.772727272727272939e+05 1.006147613811532800e+17
9.924242424242425477e+05 9.352634451860736000e+16
1.007575757575757569e+06 8.724079034479104000e+16
1.022727272727272706e+06 8.364796332333568000e+16
1.037878787878787960e+06 7.635551292141056000e+16
1.053030303030302981e+06 7.449253308190208000e+16
1.068181818181818351e+06 7.019874060231680000e+16
1.083333333333333489e+06 6.577174440399616000e+16
1.098484848484848393e+06 6.057471126155520000e+16
1.113636363636363531e+06 5.634778073044736000e+16
1.128787878787878901e+06 5.118807428588800000e+16
1.143939393939394038e+06 4.831423442611968000e+16
1.159090909090908943e+06 4.608963711495424000e+16
1.174242424242424546e+06 4.203195989505792000e+16
1.189393939393939450e+06 3.841161516610304000e+16
1.204545454545454588e+06 3.380897907864832000e+16
1.219696969696969725e+06 3.177139225968128000e+16
1.234848484848485095e+06 2.882342080415488000e+16
1.250000000000000000e+06 2.604878765843456000e+16
1.265151515151515137e+06 2.351953968795904000e+16
1.280303030303030508e+06 1.913926674780416000e+16
1.295454545454545412e+06 1.744675377959936000e+16
1.310606060606060550e+06 1.514945553099520000e+16
1.325757575757575920e+06 1.280812506707968000e+16
1.340909090909091057e+06 1.107930985407232000e+16
1.356060606060605962e+06 8.980642156851200000e+15
1.371212121212121332e+06 7.295872791114240000e+15
1.386363636363636469e+06 5.847498830617600000e+15
1.401515151515151607e+06 4.454606134673920000e+15
1.416666666666666744e+06 3.162358897075200000e+15
1.431818181818181882e+06 1.992545673054720000e+15
1.446969696969697019e+06 1.299283690757120000e+15
1.462121212121211924e+06 6.792641741824000000e+14
1.477272727272727527e+06 2.412391158451200000e+14
1.492424242424242431e+06 3.770941527808000000e+13
