2.525252525252525174e+03 6.865874814454528000e+15
7.575757575757575069e+03 4.072264695363972800e+16
1.262626262626262542e+04 8.703768902512707200e+16
1.767676767676767486e+04 1.244997390282680640e+17
2.272727272727272793e+04 1.380930714954932480e+17
2.777777777777777737e+04 1.366555217468302400e+17
3.282828282828282681e+04 1.391196256910017600e+17
3.787878787878787261e+04 1.353335733434135200e+17
4.292929292929292569e+04 1.385293464368676800e+17
4.797979797979797877e+04 1.333654356890075200e+17
5.303030303030303185e+04 1.341445943791187200e+17
5.808080808080807765e+04 1.313352370514678400e+17
6.313131313131312345e+04 1.308154169169017600e+17
6.818181818181817653e+04 1.290137275786777600e+17
7.323232323232322233e+04 1.307062378720208000e+17
7.828282828282828268e+04 1.278426747782422400e+17
8.333333333333332848e+04 1.277091826351158400e+17
8.838383838383837428e+04 1.286902106370547200e+17
9.343434343434343464e+04 1.276806095474214400e+17
9.848484848484848044e+04 1.204578791205187200e+17
1.035353535353535262e+05 1.229324864437660800e+17
1.085858585858585720e+05 1.214153336652828800e+17
1.136363636363636324e+05 1.207677413884476800e+17
1.186868686868686782e+05 1.196311565295776000e+17
1.237373737373737240e+05 1.186708382797308800e+17
1.287878787878787844e+05 1.165511923235603200e+17
1.338383838383838302e+05 1.124670787143180800e+17
1.388888888888888469e+05 1.150791270304742400e+17
1.439393939393939509e+05 1.118114667586969600e+17
1.489898989898989676e+05 1.092141887804659200e+17
1.540404040404040425e+05 1.060797593153715200e+17
1.590909090909090592e+05 1.075096642506809600e+17
1.641414141414141341e+05 1.013761625939539200e+17
1.691919191919191799e+05 9.957441982636800000e+16
1.742424242424242548e+05 9.889640387288960000e+16
1.792929292929292715e+05 9.626468027912960000e+16
1.843434343434343464e+05 9.764084635916032000e+16
1.893939393939393631e+05 9.580352717200640000e+16
1.944444444444444671e+05 9.292757744377664000e+16
1.994949494949494838e+05 8.980451290919552000e+16
2.045454545454545296e+05 8.665679764256448000e+16
2.095959595959595754e+05 8.610906253076928000e+16
2.146464646464646212e+05 8.197203258792256000e+16
2.196969696969696961e+05 7.817849005308736000e+16
2.247474747474747128e+05 8.029068062365120000e+16
2.297979797979797877e+05 7.920078548927296000e+16
2.348484848484848044e+05 7.660357685978112000e+16
2.398989898989899084e+05 7.536346238334208000e+16
2.449494949494949251e+05 7.308268846269120000e+16
2.500000000000000000e+05 6.833839031608768000e+16
2.550505050505050167e+05 6.810995574444864000e+16
2.601010101010100334e+05 6.358394733830784000e+16
2.651515151515151374e+05 6.239334226846592000e+16
2.702020202020201832e+05 6.109695527904064000e+16
2.752525252525252290e+05 5.789827143296384000e+16
2.803030303030302748e+05 5.373403128266688000e+16
2.853535353535353206e+05 5.502164397771456000e+16
2.904040404040404246e+05 5.314699835015296000e+16
2.954545454545454122e+05 5.246547499996416000e+16
3.005050505050504580e+05 4.910026610858112000e+16
3.055555555555555620e+05 4.948464977135360000e+16
3.106060606060606078e+05 4.374266178980224000e+16
3.156565656565656536e+05 4.281563572376192000e+16
3.207070707070706412e+05 4.098025147426048000e+16
3.257575757575757452e+05 3.683505247071616000e+16
3.308080808080807910e+05 3.608110597368576000e+16
3.358585858585857786e+05 3.521353322936960000e+16
3.409090909090908826e+05 3.371782250026240000e+16
3.459595959595959866e+05 3.194540881312384000e+16
3.510101010101009742e+05 2.851591232899584000e+16
3.560606060606060200e+05 2.725072575857280000e+16
3.611111111111110658e+05 2.589351693151232000e+16
3.661616161616161698e+05 2.427662591472256000e+16
3.712121212121212156e+05 2.254464826156160000e+16
3.762626262626262032e+05 2.070710489367168000e+16
3.813131313131313073e+05 1.950138803460096000e+16
3.863636363636363531e+05 1.894478586660352000e+16
3.914141414141413989e+05 1.733492196429568000e+16
3.964646464646464447e+05 1.535940011956480000e+16
4.015151515151514905e+05 1.380284812372480000e+16
4.065656565656565945e+05 1.275835384897920000e+16
4.116161616161615239e+05 1.133467081865472000e+16
4.166666666666666279e+05 9.938746008725760000e+15
4.217171717171717319e+05 9.212133730656000000e+15
4.267676767676767195e+05 7.617081580350720000e+15
4.318181818181817653e+05 7.034664745341440000e+15
4.368686868686868111e+05 6.212205454737920000e+15
4.419191919191919151e+05 5.298538914054400000e+15
4.469696969696969609e+05 4.443288076606720000e+15
4.520202020202019485e+05 3.621978457201920000e+15
4.570707070707070525e+05 2.889703202840320000e+15
4.621212121212120983e+05 2.295343890051840000e+15
4.671717171717171441e+05 1.764424480807680000e+15
4.722222222222221899e+05 1.267617955696640000e+15
4.772727272727272357e+05 8.688751201126400000e+14
4.823232323232323397e+05 5.162442696000000000e+14
4.873737373737373273e+05 2.629038129254400000e+14
4.924242424242423731e+05 9.790789554688000000e+13
4.974747474747474771e+05 1.480125125760000000e+13
