2.525252525252525083e+04 1.989408114173382080e+17
7.575757575757574523e+04 2.019152954765900160e+17
1.262626262626262615e+05 2.031024545270095360e+17
1.767676767676767486e+05 2.009083982383209920e+17
2.272727272727272939e+05 2.002993172929936960e+17
2.777777777777777519e+05 2.013572889006605440e+17
3.282828282828282681e+05 1.989048595337701440e+17
3.787878787878787261e+05 1.969704830435642880e+17
4.292929292929293588e+05 1.981197008739983360e+17
4.797979797979798168e+05 1.962622848551001920e+17
5.303030303030302748e+05 1.927276278576113600e+17
5.808080808080808492e+05 1.923369867050264320e+17
6.313131313131313073e+05 1.929849963073016000e+17
6.818181818181817653e+05 1.957529710192556160e+17
7.323232323232323397e+05 1.900549639921628800e+17
7.828282828282829141e+05 1.885593509521266240e+17
8.333333333333332557e+05 1.903809459252957440e+17
8.838383838383838302e+05 1.839655748485071360e+17
9.343434343434344046e+05 1.840221977118180160e+17
9.848484848484848626e+05 1.844023875869283840e+17
1.035353535353535321e+06 1.808347017530140160e+17
1.085858585858585779e+06 1.808228600716349760e+17
1.136363636363636469e+06 1.736837228989238720e+17
1.186868686868686927e+06 1.696340465356750400e+17
1.237373737373737153e+06 1.701196988436968640e+17
1.287878787878788076e+06 1.638474649637986880e+17
1.338383838383838302e+06 1.636947868798386240e+17
1.388888888888888992e+06 1.673942901289612800e+17
1.439393939393939450e+06 1.619419592244719040e+17
1.489898989898989908e+06 1.570056541097479680e+17
1.540404040404040366e+06 1.585712247552512640e+17
1.590909090909091057e+06 1.582946132433469440e+17
1.641414141414141282e+06 1.484535810224710400e+17
1.691919191919191973e+06 1.483260254348163200e+17
1.742424242424242431e+06 1.490455773565212800e+17
1.792929292929292889e+06 1.438414358137479200e+17
1.843434343434343347e+06 1.366039631710999040e+17
1.893939393939394038e+06 1.377299891671916800e+17
1.944444444444444263e+06 1.324456583886855200e+17
1.994949494949495187e+06 1.323267970963485120e+17
2.045454545454545412e+06 1.247616839571132800e+17
2.095959595959595870e+06 1.257246108383976960e+17
2.146464646464646794e+06 1.235689261617840960e+17
2.196969696969696786e+06 1.207052814659076320e+17
2.247474747474747244e+06 1.163643849251680000e+17
2.297979797979797702e+06 1.116481827540273280e+17
2.348484848484848626e+06 1.100001239164043840e+17
2.398989898989898618e+06 1.066714659077399040e+17
2.449494949494949542e+06 1.006743750339658560e+17
2.500000000000000000e+06 9.677940914090516800e+16
2.550505050505050458e+06 9.970427625433620800e+16
2.601010101010101382e+06 9.506894168474376000e+16
2.651515151515151374e+06 9.486016821593561600e+16
2.702020202020202298e+06 8.454194672995420800e+16
2.752525252525252756e+06 8.479832837615336000e+16
2.803030303030303214e+06 8.288092752579428800e+16
2.853535353535353206e+06 8.160934628932299200e+16
2.904040404040404130e+06 7.974194656140942400e+16
2.954545454545454588e+06 7.398105729213779200e+16
3.005050505050505511e+06 7.425571419350256000e+16
3.055555555555555504e+06 6.766367236790496000e+16
3.106060606060605962e+06 6.554134837771849600e+16
3.156565656565656420e+06 6.216815267688503200e+16
3.207070707070707344e+06 6.038686928050714400e+16
3.257575757575757336e+06 5.636630745738062400e+16
3.308080808080808260e+06 5.278023191123494400e+16
3.358585858585858718e+06 4.843523113469832000e+16
3.409090909090909176e+06 5.051639684414947200e+16
3.459595959595959168e+06 4.573894410551276000e+16
3.510101010101010092e+06 4.246791895202700800e+16
3.560606060606060550e+06 4.238344325123856000e+16
3.611111111111111473e+06 3.726105134576199200e+16
3.661616161616161466e+06 3.647345171044055200e+16
3.712121212121211924e+06 3.488205157875145600e+16
3.762626262626262382e+06 3.106986711182680000e+16
3.813131313131313305e+06 2.818301427992646000e+16
3.863636363636363298e+06 2.707624654772712800e+16
3.914141414141414221e+06 2.508591868878688000e+16
3.964646464646464679e+06 2.264438503403892800e+16
4.015151515151515137e+06 1.953926813026058400e+16
4.065656565656565595e+06 1.797720538585833200e+16
4.116161616161616519e+06 1.689193632527856400e+16
4.166666666666666046e+06 1.453245549772377400e+16
4.217171717171717435e+06 1.332216544755449200e+16
4.267676767676767893e+06 1.202693680654291200e+16
4.318181818181818351e+06 1.049782379394611800e+16
4.368686868686869740e+06 9.210944177899400000e+15
4.419191919191918336e+06 7.542176699138691000e+15
4.469696969696969725e+06 6.634703375881110000e+15
4.520202020202019252e+06 5.421293501414064000e+15
4.570707070707070641e+06 4.243222678019189500e+15
4.621212121212122031e+06 3.188450865181073000e+15
4.671717171717171557e+06 2.566781768239548000e+15
4.722222222222222947e+06 1.845891177407017250e+15
4.772727272727272473e+06 1.230258575042388000e+15
4.823232323232322931e+06 7.201618624318606250e+14
4.873737373737373389e+06 3.959072749106475000e+14
4.924242424242423847e+06 1.405923616332058438e+14
4.974747474747475237e+06 1.927648979324466406e+13
