7.575757575757575978e+03 2.002811039431165760e+17
2.272727272727272793e+04 2.024859599627507200e+17
3.787878787878787261e+04 2.019370594249117120e+17
5.303030303030303185e+04 2.014166323617458560e+17
6.818181818181819108e+04 1.991062891968390720e+17
8.333333333333334303e+04 2.011639907503961280e+17
9.848484848484848044e+04 2.007144360353695360e+17
1.136363636363636469e+05 1.965997231654691520e+17
1.287878787878788135e+05 2.001475209219170560e+17
1.439393939393939509e+05 1.996025669994427840e+17
1.590909090909091174e+05 1.967238842863568000e+17
1.742424242424242548e+05 1.916205423478902720e+17
1.893939393939393631e+05 1.900641251308438720e+17
2.045454545454545587e+05 1.907771774537773760e+17
2.196969696969696961e+05 1.859402692318347200e+17
2.348484848484848626e+05 1.921586220930368640e+17
2.500000000000000000e+05 1.908918890714517440e+17
2.651515151515151374e+05 1.848047800300704000e+17
2.803030303030303330e+05 1.839519717006552960e+17
2.954545454545454704e+05 1.823535272986229120e+17
3.106060606060606078e+05 1.803299019467976960e+17
3.257575757575757452e+05 1.756069833040680320e+17
3.409090909090909408e+05 1.722216681466255360e+17
3.560606060606060782e+05 1.749611150827991040e+17
3.712121212121212739e+05 1.686472744210280960e+17
3.863636363636363531e+05 1.661835395108416640e+17
4.015151515151514905e+05 1.725131811411190400e+17
4.166666666666666861e+05 1.635945671955625600e+17
4.318181818181818817e+05 1.635717085097449600e+17
4.469696969696970191e+05 1.510760443644933440e+17
4.621212121212120983e+05 1.563474389413413120e+17
4.772727272727272939e+05 1.547251997106692160e+17
4.924242424242424313e+05 1.521656133353776960e+17
5.075757575757575687e+05 1.479329317218022080e+17
5.227272727272727643e+05 1.482492403096690880e+17
5.378787878787879599e+05 1.495872043985971200e+17
5.530303030303029809e+05 1.452502878825044160e+17
5.681818181818182347e+05 1.367636892314444800e+17
5.833333333333333721e+05 1.354913270773107520e+17
5.984848484848485095e+05 1.301562828050977280e+17
6.136363636363637634e+05 1.278432185855757120e+17
6.287878787878787844e+05 1.272403233770252160e+17
6.439393939393940382e+05 1.205781718961811200e+17
6.590909090909091756e+05 1.187355734136620480e+17
6.742424242424241966e+05 1.176079533988345600e+17
6.893939393939394504e+05 1.128911973350032000e+17
7.045454545454544714e+05 1.055786988884975680e+17
7.196969696969697252e+05 1.103523796177161120e+17
7.348484848484848626e+05 9.905197839047451200e+16
7.500000000000000000e+05 9.988229972051193600e+16
7.651515151515152538e+05 9.721922847701188800e+16
7.803030303030302748e+05 9.665793412317585600e+16
7.954545454545455286e+05 9.114506655373510400e+16
8.106060606060607824e+05 8.988554058848644800e+16
8.257575757575758034e+05 8.477835444520296000e+16
8.409090909090909408e+05 8.388243889829985600e+16
8.560606060606059618e+05 7.830880791235964800e+16
8.712121212121212156e+05 7.644836410815968000e+16
8.863636363636364695e+05 7.498141621432596800e+16
9.015151515151514905e+05 7.253424254600000000e+16
9.166666666666667443e+05 6.851355663744312000e+16
9.318181818181818817e+05 6.107746531350115200e+16
9.469696969696970191e+05 6.350144854927499200e+16
9.621212121212122729e+05 5.740586774180030400e+16
9.772727272727272939e+05 5.560917926250178400e+16
9.924242424242425477e+05 5.289350614612286400e+16
1.007575757575757569e+06 4.980839770741949600e+16
1.022727272727272706e+06 4.967202107879447200e+16
1.037878787878787960e+06 4.559352467225214400e+16
1.053030303030302981e+06 4.425659846035449600e+16
1.068181818181818351e+06 3.964307850432690400e+16
1.083333333333333489e+06 3.826309689148440000e+16
1.098484848484848393e+06 3.579681355598322400e+16
1.113636363636363531e+06 3.420865060038312400e+16
1.128787878787878901e+06 3.052062287433463200e+16
1.143939393939394038e+06 2.707432613641480000e+16
1.159090909090908943e+06 2.709917079221277600e+16
1.174242424242424546e+06 2.438890038881401200e+16
1.189393939393939450e+06 2.338039440318243200e+16
1.204545454545454588e+06 1.953257679423966400e+16
1.219696969696969725e+06 1.787017467374628800e+16
1.234848484848485095e+06 1.632468941419788400e+16
1.250000000000000000e+06 1.550091661850477400e+16
1.265151515151515137e+06 1.368308473056802600e+16
1.280303030303030508e+06 1.180476102597135200e+16
1.295454545454545412e+06 1.063136872255090200e+16
1.310606060606060550e+06 8.758577988506136000e+15
1.325757575757575920e+06 7.570629596748120000e+15
1.340909090909091057e+06 6.070701404424445000e+15
1.356060606060605962e+06 5.333786518731144000e+15
1.371212121212121332e+06 4.257763018665800000e+15
1.386363636363636469e+06 3.363598650745808000e+15
1.401515151515151607e+06 2.490818390389043500e+15
1.416666666666666744e+06 1.866358141250420000e+15
1.431818181818181882e+06 1.212915534011503250e+15
1.446969696969697019e+06 7.404270655049967500e+14
1.462121212121211924e+06 3.943405179630996250e+14
1.477272727272727527e+06 1.457265685570335312e+14
1.492424242424242431e+06 1.970597448954710156e+13
