1.262626262626262587e+03 1.428124000452288320e+17
3.787878787878787534e+03 1.445319261197625280e+17
6.313131313131312709e+03 1.442068253190874560e+17
8.838383838383837428e+03 1.407251164369703520e+17
1.136363636363636397e+04 1.437560562647581280e+17
1.388888888888888869e+04 1.409497920122088960e+17
1.641414141414141341e+04 1.424606939445671360e+17
1.893939393939393631e+04 1.441525004669056960e+17
2.146464646464646285e+04 1.413022290513620960e+17
2.398989898989898938e+04 1.418088515834072160e+17
2.651515151515151592e+04 1.415997376449498080e+17
2.904040404040403882e+04 1.435105051762071840e+17
3.156565656565656172e+04 1.376079700028127360e+17
3.409090909090908826e+04 1.376818062865228480e+17
3.661616161616161116e+04 1.354280681252274080e+17
3.914141414141414134e+04 1.404465864431986560e+17
4.166666666666666424e+04 1.431240384475507840e+17
4.419191919191918714e+04 1.349275032208750720e+17
4.671717171717171732e+04 1.410832257732930560e+17
4.924242424242424022e+04 1.412413574583647040e+17
5.176767676767676312e+04 1.379209058347486080e+17
5.429292929292928602e+04 1.348407637657456800e+17
5.681818181818181620e+04 1.326687166552036000e+17
5.934343434343433910e+04 1.314755587434020160e+17
6.186868686868686200e+04 1.327268104251055360e+17
6.439393939393939218e+04 1.329523550187573600e+17
6.691919191919191508e+04 1.329756965602592480e+17
6.944444444444442343e+04 1.311488971090943840e+17
7.196969696969697543e+04 1.304795657433698560e+17
7.449494949494948378e+04 1.308513452767151200e+17
7.702020202020202123e+04 1.266095564692635520e+17
7.954545454545452958e+04 1.293070960598911040e+17
8.207070707070706703e+04 1.254175293542369120e+17
8.459595959595958993e+04 1.200366410407891200e+17
8.712121212121212739e+04 1.273858951267865760e+17
8.964646464646463573e+04 1.221062409327976800e+17
9.217171717171717319e+04 1.182674292627090240e+17
9.469696969696968154e+04 1.228519118158368960e+17
9.722222222222223354e+04 1.196203622581708320e+17
9.974747474747474189e+04 1.138287436903593440e+17
1.022727272727272648e+05 1.168370371444586880e+17
1.047979797979797877e+05 1.182620328035662240e+17
1.073232323232323106e+05 1.103288484797901440e+17
1.098484848484848480e+05 1.168927227611976480e+17
1.123737373737373564e+05 1.135942159086754080e+17
1.148989898989898938e+05 1.146834162844137280e+17
1.174242424242424022e+05 1.069051007155188800e+17
1.199494949494949542e+05 1.059163539396781280e+17
1.224747474747474625e+05 1.084947007832862240e+17
1.250000000000000000e+05 1.087418500514542720e+17
1.275252525252525083e+05 1.067436284601622080e+17
1.300505050505050167e+05 1.020435180226500960e+17
1.325757575757575687e+05 1.040814584713491040e+17
1.351010101010100916e+05 1.012387535623016320e+17
1.376262626262626145e+05 1.002745777819403520e+17
1.401515151515151374e+05 9.896158909700731200e+16
1.426767676767676603e+05 9.806478813201952000e+16
1.452020202020202123e+05 9.271492473769955200e+16
1.477272727272727061e+05 8.939420261008592000e+16
1.502525252525252290e+05 9.500469743658408000e+16
1.527777777777777810e+05 8.928474532154681600e+16
1.553030303030303039e+05 8.417313239167835200e+16
1.578282828282828268e+05 8.950609634111548800e+16
1.603535353535353206e+05 8.724830884261694400e+16
1.628787878787878726e+05 8.414852099850974400e+16
1.654040404040403955e+05 8.726770777367971200e+16
1.679292929292928893e+05 7.805332065475536000e+16
1.704545454545454413e+05 8.474079977008209600e+16
1.729797979797979933e+05 7.598561476411758400e+16
1.755050505050504871e+05 7.847272961039649600e+16
1.780303030303030100e+05 8.067354937121352000e+16
1.805555555555555329e+05 7.517564643217566400e+16
1.830808080808080849e+05 7.885536418259043200e+16
1.856060606060606078e+05 7.109129675852031200e+16
1.881313131313131016e+05 6.809938996569709600e+16
1.906565656565656536e+05 6.908179175987802400e+16
1.931818181818181765e+05 7.180171806428633600e+16
1.957070707070706994e+05 6.616950408571947200e+16
1.982323232323232223e+05 6.864099902800858400e+16
2.007575757575757452e+05 6.839386916164964800e+16
2.032828282828282972e+05 6.257885910508007200e+16
2.058080808080807619e+05 6.154794836315774400e+16
2.083333333333333139e+05 6.099084075642261600e+16
2.108585858585858659e+05 5.557930184391987200e+16
2.133838383838383597e+05 6.174374581170149600e+16
2.159090909090908826e+05 5.490843691232407200e+16
2.184343434343434055e+05 5.685646778366816000e+16
2.209595959595959575e+05 5.185766947109754400e+16
2.234848484848484804e+05 5.231060598303365600e+16
2.260101010101009742e+05 4.920257422758244800e+16
2.285353535353535262e+05 4.727314151916593600e+16
2.310606060606060491e+05 4.689732525893349600e+16
2.335858585858585720e+05 4.603948337332189600e+16
2.361111111111110949e+05 4.505089684644580800e+16
2.386363636363636178e+05 4.307609271764246400e+16
2.411616161616161698e+05 4.140185347734317600e+16
2.436868686868686636e+05 4.109761819990672000e+16
2.462121212121211865e+05 4.062304910725476000e+16
2.487373737373737385e+05 3.809235581341856800e+16
