2.525252525252525083e+04 1.419749326481088160e+17
7.575757575757574523e+04 1.433940326341670880e+17
1.262626262626262615e+05 1.418682952088453440e+17
1.767676767676767486e+05 1.432703662188862720e+17
2.272727272727272939e+05 1.427379009134717600e+17
2.777777777777777519e+05 1.430001141106058560e+17
3.282828282828282681e+05 1.448575330445833920e+17
3.787878787878787261e+05 1.413171884456185120e+17
4.292929292929293588e+05 1.426453567742250080e+17
4.797979797979798168e+05 1.412236155214556000e+17
5.303030303030302748e+05 1.398286777840525760e+17
5.808080808080808492e+05 1.414247221684860800e+17
6.313131313131313073e+05 1.414131404358212480e+17
6.818181818181817653e+05 1.391831062906342880e+17
7.323232323232323397e+05 1.375470057742897760e+17
7.828282828282829141e+05 1.409526574780752160e+17
8.333333333333332557e+05 1.410413786240320960e+17
8.838383838383838302e+05 1.375721052894538560e+17
9.343434343434344046e+05 1.397613668639897280e+17
9.848484848484848626e+05 1.344687571823961440e+17
1.035353535353535321e+06 1.331296385519465920e+17
1.085858585858585779e+06 1.374277755974636640e+17
1.136363636363636469e+06 1.360504846142419040e+17
1.186868686868686927e+06 1.341738184193281920e+17
1.237373737373737153e+06 1.325019277658114400e+17
1.287878787878788076e+06 1.325828338963043680e+17
1.338383838383838302e+06 1.343975208723928000e+17
1.388888888888888992e+06 1.256852924421808960e+17
1.439393939393939450e+06 1.285134974029155840e+17
1.489898989898989908e+06 1.257063234869516000e+17
1.540404040404040366e+06 1.309559943645247040e+17
1.590909090909091057e+06 1.293781997806153120e+17
1.641414141414141282e+06 1.287323198491360160e+17
1.691919191919191973e+06 1.264021814232576480e+17
1.742424242424242431e+06 1.226220158260638240e+17
1.792929292929292889e+06 1.245282806518454240e+17
1.843434343434343347e+06 1.252228595105988480e+17
1.893939393939394038e+06 1.184970096187378400e+17
1.944444444444444263e+06 1.182141636475895680e+17
1.994949494949495187e+06 1.196055074209873920e+17
2.045454545454545412e+06 1.170044042867176320e+17
2.095959595959595870e+06 1.156948528908926080e+17
2.146464646464646794e+06 1.154812175063671360e+17
2.196969696969696786e+06 1.121742953682193920e+17
2.247474747474747244e+06 1.136714986250118880e+17
2.297979797979797702e+06 1.130570237773864480e+17
2.348484848484848626e+06 1.069420298686485760e+17
2.398989898989898618e+06 1.078280724084318720e+17
2.449494949494949542e+06 1.072468426421002880e+17
2.500000000000000000e+06 1.066141526766690080e+17
2.550505050505050458e+06 1.035130738082098880e+17
2.601010101010101382e+06 1.041503790479688160e+17
2.651515151515151374e+06 9.954303974820792000e+16
2.702020202020202298e+06 9.782054592391142400e+16
2.752525252525252756e+06 9.922979267162256000e+16
2.803030303030303214e+06 9.865703448347968000e+16
2.853535353535353206e+06 9.609730355430896000e+16
2.904040404040404130e+06 1.055261891143300640e+17
2.954545454545454588e+06 9.569021781766614400e+16
3.005050505050505511e+06 9.370793220168680000e+16
3.055555555555555504e+06 9.196379708941361600e+16
3.106060606060605962e+06 9.222507327027267200e+16
3.156565656565656420e+06 8.515154501774102400e+16
3.207070707070707344e+06 8.720937316469904000e+16
3.257575757575757336e+06 8.676948344755024000e+16
3.308080808080808260e+06 8.197445581546841600e+16
3.358585858585858718e+06 8.224387953184350400e+16
3.409090909090909176e+06 8.507810703732993600e+16
3.459595959595959168e+06 8.260832000060851200e+16
3.510101010101010092e+06 7.702751025857856000e+16
3.560606060606060550e+06 7.458644838205153600e+16
3.611111111111111473e+06 7.288011838958582400e+16
3.661616161616161466e+06 7.574232804193864000e+16
3.712121212121211924e+06 7.820905630233577600e+16
3.762626262626262382e+06 7.282117228932766400e+16
3.813131313131313305e+06 6.896266780815251200e+16
3.863636363636363298e+06 6.566726356988535200e+16
3.914141414141414221e+06 6.532498287448006400e+16
3.964646464646464679e+06 6.381553270228184800e+16
4.015151515151515137e+06 6.440937058566838400e+16
4.065656565656565595e+06 5.998481639437275200e+16
4.116161616161616519e+06 6.180517907212928000e+16
4.166666666666666046e+06 5.803480353780133600e+16
4.217171717171717435e+06 5.794244178375323200e+16
4.267676767676767893e+06 5.789938342767974400e+16
4.318181818181818351e+06 5.469222409876353600e+16
4.368686868686869740e+06 5.518093484943492000e+16
4.419191919191918336e+06 5.435536407620236000e+16
4.469696969696969725e+06 5.162129270366203200e+16
4.520202020202019252e+06 5.132014338365073600e+16
4.570707070707070641e+06 4.959492241721401600e+16
4.621212121212122031e+06 4.744279734866688000e+16
4.671717171717171557e+06 4.474046386239423200e+16
4.722222222222222947e+06 4.563042485104079200e+16
4.772727272727272473e+06 4.370887762834973600e+16
4.823232323232322931e+06 4.100748631991108000e+16
4.873737373737373389e+06 3.999536970231385600e+16
4.924242424242423847e+06 4.017085619226287200e+16
4.974747474747475237e+06 3.674193579525460000e+16
