7.575757575757575978e+03 1.429171611759933440e+17
2.272727272727272793e+04 1.440977497488660320e+17
3.787878787878787261e+04 1.419499252231207040e+17
5.303030303030303185e+04 1.436764206489302240e+17
6.818181818181819108e+04 1.438741578236844640e+17
8.333333333333334303e+04 1.420083644956233440e+17
9.848484848484848044e+04 1.449045197117290560e+17
1.136363636363636469e+05 1.417582155685539520e+17
1.287878787878788135e+05 1.418591993730566400e+17
1.439393939393939509e+05 1.436096778085875200e+17
1.590909090909091174e+05 1.431552793879974240e+17
1.742424242424242548e+05 1.400153415127062880e+17
1.893939393939393631e+05 1.425313164701180160e+17
2.045454545454545587e+05 1.418112752554195520e+17
2.196969696969696961e+05 1.383489230800646400e+17
2.348484848484848626e+05 1.367731715693514240e+17
2.500000000000000000e+05 1.407759335939240000e+17
2.651515151515151374e+05 1.398456710843216640e+17
2.803030303030303330e+05 1.383159487903654560e+17
2.954545454545454704e+05 1.404656930966902400e+17
3.106060606060606078e+05 1.375262724659765920e+17
3.257575757575757452e+05 1.297437290414477280e+17
3.409090909090909408e+05 1.373091689561931520e+17
3.560606060606060782e+05 1.333523123173632480e+17
3.712121212121212739e+05 1.333221747265127680e+17
3.863636363636363531e+05 1.332153549367268160e+17
4.015151515151514905e+05 1.323344430616779520e+17
4.166666666666666861e+05 1.283023200354677440e+17
4.318181818181818817e+05 1.303375673419021760e+17
4.469696969696970191e+05 1.258409670919087360e+17
4.621212121212120983e+05 1.305221482541302560e+17
4.772727272727272939e+05 1.297031740551920320e+17
4.924242424242424313e+05 1.264216397415484320e+17
5.075757575757575687e+05 1.305046511992554080e+17
5.227272727272727643e+05 1.253302457377098240e+17
5.378787878787879599e+05 1.207841417433269280e+17
5.530303030303029809e+05 1.209471337118502240e+17
5.681818181818182347e+05 1.222774149874952320e+17
5.833333333333333721e+05 1.215960580733078400e+17
5.984848484848485095e+05 1.224816553015906240e+17
6.136363636363637634e+05 1.183190086911192960e+17
6.287878787878787844e+05 1.153637841717054880e+17
6.439393939393940382e+05 1.190819915080380320e+17
6.590909090909091756e+05 1.112379996729159840e+17
6.742424242424241966e+05 1.081703641467549280e+17
6.893939393939394504e+05 1.147563546430136000e+17
7.045454545454544714e+05 1.063869951124658880e+17
7.196969696969697252e+05 1.167576778099031840e+17
7.348484848484848626e+05 1.063215511784906720e+17
7.500000000000000000e+05 1.094587939943130720e+17
7.651515151515152538e+05 1.051098994518280320e+17
7.803030303030302748e+05 1.058969553801360000e+17
7.954545454545455286e+05 1.060545014747803840e+17
8.106060606060607824e+05 9.919301389806702400e+16
8.257575757575758034e+05 9.857721436035548800e+16
8.409090909090909408e+05 1.008124204550293760e+17
8.560606060606059618e+05 9.303456648788577600e+16
8.712121212121212156e+05 9.175177724777796800e+16
8.863636363636364695e+05 9.364201396039360000e+16
9.015151515151514905e+05 9.180994712615608000e+16
9.166666666666667443e+05 8.845215227778067200e+16
9.318181818181818817e+05 8.889406019988022400e+16
9.469696969696970191e+05 8.925371518612796800e+16
9.621212121212122729e+05 8.849954010569676800e+16
9.772727272727272939e+05 8.360179583084632000e+16
9.924242424242425477e+05 8.501245942716259200e+16
1.007575757575757569e+06 8.037095503356208000e+16
1.022727272727272706e+06 7.991017688618569600e+16
1.037878787878787960e+06 7.927945602096601600e+16
1.053030303030302981e+06 7.829961183746809600e+16
1.068181818181818351e+06 7.597946749617777600e+16
1.083333333333333489e+06 7.457928223428294400e+16
1.098484848484848393e+06 7.068586908236914400e+16
1.113636363636363531e+06 7.535714499519774400e+16
1.128787878787878901e+06 7.274239740518032000e+16
1.143939393939394038e+06 6.714950971553468800e+16
1.159090909090908943e+06 6.812782190780970400e+16
1.174242424242424546e+06 6.599578108391221600e+16
1.189393939393939450e+06 6.569565605425950400e+16
1.204545454545454588e+06 6.279255210946737600e+16
1.219696969696969725e+06 5.933942104501591200e+16
1.234848484848485095e+06 6.081765007713484800e+16
1.250000000000000000e+06 5.992813336091980800e+16
1.265151515151515137e+06 5.853170290346080800e+16
1.280303030303030508e+06 5.871469250851536000e+16
1.295454545454545412e+06 5.582800579815341600e+16
1.310606060606060550e+06 5.525537459035192000e+16
1.325757575757575920e+06 5.018173803342638400e+16
1.340909090909091057e+06 4.964316449237145600e+16
1.356060606060605962e+06 5.074795185120386400e+16
1.371212121212121332e+06 4.983641761058738400e+16
1.386363636363636469e+06 4.698187309014801600e+16
1.401515151515151607e+06 4.582811636785091200e+16
1.416666666666666744e+06 4.285410222533049600e+16
1.431818181818181882e+06 4.285495992363684800e+16
1.446969696969697019e+06 4.021760742685856000e+16
1.462121212121211924e+06 4.020189691269896000e+16
1.477272727272727527e+06 3.899244082387516800e+16
1.492424242424242431e+06 3.628199709777394400e+16
