2.525252525252525083e+04 1.511587954631564160e+17
7.575757575757574523e+04 1.557315526985653760e+17
1.262626262626262615e+05 1.565643536046568000e+17
1.767676767676767486e+05 1.556924655444891200e+17
2.272727272727272939e+05 1.574904938142201600e+17
2.777777777777777519e+05 1.575760036795515200e+17
3.282828282828282681e+05 1.569097229580830400e+17
3.787878787878787261e+05 1.575358692757976000e+17
4.292929292929293588e+05 1.528060000740648000e+17
4.797979797979798168e+05 1.539356008367153600e+17
5.303030303030302748e+05 1.537736628535500800e+17
5.808080808080808492e+05 1.530062532568105600e+17
6.313131313131313073e+05 1.513724935029484800e+17
6.818181818181817653e+05 1.519255792513443200e+17
7.323232323232323397e+05 1.507056855237609600e+17
7.828282828282829141e+05 1.503658054282265600e+17
8.333333333333332557e+05 1.498712880865872000e+17
8.838383838383838302e+05 1.533555307109171200e+17
9.343434343434344046e+05 1.476846144378979200e+17
9.848484848484848626e+05 1.468917466211667200e+17
1.035353535353535321e+06 1.479393743390892800e+17
1.085858585858585779e+06 1.480337627359328000e+17
1.136363636363636469e+06 1.486704606854112000e+17
1.186868686868686927e+06 1.419038087546432000e+17
1.237373737373737153e+06 1.485400383794860800e+17
1.287878787878788076e+06 1.448874683780172800e+17
1.338383838383838302e+06 1.462146200464582400e+17
1.388888888888888992e+06 1.409642698747609600e+17
1.439393939393939450e+06 1.412988105034470400e+17
1.489898989898989908e+06 1.387654646112960000e+17
1.540404040404040366e+06 1.379398713330291200e+17
1.590909090909091057e+06 1.368112248379692800e+17
1.641414141414141282e+06 1.391853383683980800e+17
1.691919191919191973e+06 1.347321862173766400e+17
1.742424242424242431e+06 1.385318137092544000e+17
1.792929292929292889e+06 1.354535996596844800e+17
1.843434343434343347e+06 1.338222939916646400e+17
1.893939393939394038e+06 1.299185813780012800e+17
1.944444444444444263e+06 1.312698747046368000e+17
1.994949494949495187e+06 1.278695217420569600e+17
2.045454545454545412e+06 1.221678588584665600e+17
2.095959595959595870e+06 1.249835936689382400e+17
2.146464646464646794e+06 1.263888363487654400e+17
2.196969696969696786e+06 1.274628665509414400e+17
2.247474747474747244e+06 1.232814365144320000e+17
2.297979797979797702e+06 1.199198983588608000e+17
2.348484848484848626e+06 1.159872007936793600e+17
2.398989898989898618e+06 1.206387487724172800e+17
2.449494949494949542e+06 1.191121331515545600e+17
2.500000000000000000e+06 1.122131158995443200e+17
2.550505050505050458e+06 1.158800274980774400e+17
2.601010101010101382e+06 1.104919264987494400e+17
2.651515151515151374e+06 1.132080730375347200e+17
2.702020202020202298e+06 1.112352124470246400e+17
2.752525252525252756e+06 1.107313898397708800e+17
2.803030303030303214e+06 1.066975953926822400e+17
2.853535353535353206e+06 1.051532028262246400e+17
2.904040404040404130e+06 1.040364348530739200e+17
2.954545454545454588e+06 1.023302141550822400e+17
3.005050505050505511e+06 9.747382595844736000e+16
3.055555555555555504e+06 9.693440607992832000e+16
3.106060606060605962e+06 9.842795925827200000e+16
3.156565656565656420e+06 9.492084111748608000e+16
3.207070707070707344e+06 1.002129705612518400e+17
3.257575757575757336e+06 9.649406213254784000e+16
3.308080808080808260e+06 9.207450327227008000e+16
3.358585858585858718e+06 8.879373958785152000e+16
3.409090909090909176e+06 8.634000159867776000e+16
3.459595959595959168e+06 9.045818564067456000e+16
3.510101010101010092e+06 8.488983653382400000e+16
3.560606060606060550e+06 8.175101235436160000e+16
3.611111111111111473e+06 8.024928508443648000e+16
3.661616161616161466e+06 7.990416177575808000e+16
3.712121212121211924e+06 7.884117253511680000e+16
3.762626262626262382e+06 7.758427969962880000e+16
3.813131313131313305e+06 7.782986165666944000e+16
3.863636363636363298e+06 7.454906183811840000e+16
3.914141414141414221e+06 7.199722558351232000e+16
3.964646464646464679e+06 6.682568633729280000e+16
4.015151515151515137e+06 6.918793901371776000e+16
4.065656565656565595e+06 6.788681836054144000e+16
4.116161616161616519e+06 6.629246772509056000e+16
4.166666666666666046e+06 7.087338449410816000e+16
4.217171717171717435e+06 6.328154649022208000e+16
4.267676767676767893e+06 6.178575668561664000e+16
4.318181818181818351e+06 6.339967604086912000e+16
4.368686868686869740e+06 5.788303167340544000e+16
4.419191919191918336e+06 5.958005656427136000e+16
4.469696969696969725e+06 5.291431391763584000e+16
4.520202020202019252e+06 5.403277029329664000e+16
4.570707070707070641e+06 5.693883993329920000e+16
4.621212121212122031e+06 5.339958173910400000e+16
4.671717171717171557e+06 4.967989621963904000e+16
4.722222222222222947e+06 5.050648670750848000e+16
4.772727272727272473e+06 4.718137004109696000e+16
4.823232323232322931e+06 4.708414642365696000e+16
4.873737373737373389e+06 4.465807786063104000e+16
4.924242424242423847e+06 4.284154897513856000e+16
4.974747474747475237e+06 4.172398250704768000e+16
