0.0000975059411589218 0.2377950310559006
0.045512981167037704 0.2377950310559006
0.06059680491954354 0.2377639751552795
0.08925650016959497 0.23771739130434782
0.11685348842351427 0.23765527950310558
0.1636416941797666 0.23754658385093166
0.24103721184148477 0.23739130434782607
0.3263706915725033 0.23723602484472048
0.47270333403669734 0.23698757763975153
0.7080948042167877 0.23667701863354035
1.0084544973858867 0.23638198757763973
1.5889011967192088 0.23596273291925465
2.380124278377438 0.23555900621118012
3.333127444689131 0.23518633540372672
4.827579487246171 0.23475155279503104
7.3543583870914 0.23425465838509316
12.394694640110126 0.23357142857142857
15.170056661747354 0.23327639751552795
18.88213891096984 0.23298136645962733
23.305523705680045 0.2326863354037267
28.28485329515228 0.2324223602484472
35.2060998125469 0.23214285714285715
40.2827239283958 0.23195652173913042
49.302642963526814 0.23170807453416148
60.34226005941801 0.23152173913043478
71.4081389887997 0.23136645962732919
83.0923885292151 0.23127329192546583
95.07408561287141 0.23124223602484473
106.96715795288588 0.23124223602484473
124.4697981819859 0.2312888198757764
147.29572010950693 0.23139751552795032
162.9542956905063 0.23149068322981367
180.27748847181257 0.23164596273291926
202.82888297485016 0.23183229813664596
224.39102606841845 0.2320496894409938
248.24537729313965 0.2322670807453416
279.2990572858489 0.23259316770186336
303.8313204882878 0.23282608695652174
330.51837770858833 0.23307453416149068
365.65481612249175 0.23341614906832298
404.5265061522742 0.2337888198757764
470.71768142344297 0.2343478260869565
547.7394737670279 0.23493788819875777
626.7220204431336 0.235527950310559
729.2702254940953 0.2362111801242236
848.5980138629309 0.23683229813664594
930.939353115263 0.23725155279503105
1229.0782253675895 0.23857142857142855
1479.1706522378472 0.23944099378881986
1969.394514664006 0.24074534161490682
2622.0874167026477 0.24217391304347824
3236.3452433255106 0.24319875776397515
3641.1883490784267 0.24375776397515525
4727.033340366964 0.2450310559006211
