0.06787583892131852 -0.0011976047904189713
0.10000000000000003 0.0011976047904191933
0.10667126980930274 0.00359281437125758
0.11322372336755607 0.06347305389221569
0.12077718344154421 0.15928143712574871
0.12567383729973186 0.21197604790419167
0.13076901556727957 0.25269461077844313
0.1388017117458749 0.295808383233533
0.14587128040072422 0.34610778443113777
0.1548316573796184 0.39520958083832336
0.16271767706929885 0.43473053892215563
0.171005354324354 0.47065868263473054
0.1797151467147838 0.5137724550898204
0.18980915339602789 0.5497005988023951
0.20449354873797368 0.6023952095808385
0.22697971951967288 0.6622754491017965
0.2469815484853861 0.7125748502994012
0.27008437539954133 0.7556886227544911
0.29829735788096107 0.7940119760479042
0.33274715226300505 0.8251497005988024
0.3638725537841036 0.844311377245509
0.4018826384852041 0.8610778443113773
0.4527716022344801 0.8850299401197604
0.4951241748141555 0.9089820359281436
0.5441348982057592 0.9353293413173651
0.5862313504665809 0.9568862275449102
0.6347299581820042 0.9688622754491018
0.708033713544864 0.9772455089820359
0.7819948330170485 0.9760479041916167
0.855143177036058 0.9640718562874251
0.9444713339763986 0.9473053892215568
1.0535465315790737 0.9233532934131735
1.1869533676041062 0.8946107784431137
1.3506057267007494 0.8682634730538922
1.4916898440264714 0.8467065868263473
1.6312235561093655 0.8251497005988024
1.8933826949358477 0.8035928143712574
2.241781659356299 0.7892215568862275
2.6807925917217044 0.7772455089820359
3.174081859274403 0.7736526946107786
3.9105064784322052 0.7724550898203592
4.58429887017473 0.7676646706586827
5.374187780277227 0.7652694610778443
6.621063054715769 0.7556886227544911
8.40403000669317 0.7508982035928143
10.04980181210824 0.7413173652694611
11.899053182860786 0.7365269461077845
15.872569932308076 0.7233532934131737
23.618212917724104 0.7125748502994012
38.05106131357115 0.7005988023952096
50.25585008226283 0.695808383233533
68.3835206662167 0.6850299401197605
102.76997128165513 0.6766467065868264
142.64647929968123 0.6742514970059881
188.4000033368474 0.6658682634730538
234.42870445902886 0.6598802395209581
280.3371735948341 0.6550898203592814
373.95171902574765 0.6502994011976049
519.0513871108628 0.6383233532934132
