3.572977678432105 0.00681121331581247
3.967206880365462 0.02358340301835682
4.443521365781806 0.040351610719547404
5.064603543891711 0.06762433799227452
5.574579600464889 0.09070799984071964
6.1359072734131725 0.11589415840401363
6.522197406357537 0.13478875482817632
7.024103610412781 0.15367737825030892
7.630899916461782 0.17045952295623734
8.399287059458462 0.18618444630271158
9.657139052966034 0.20399195635726475
11.39772519806626 0.22599251383745456
12.990813969063462 0.23959901246366377
15.199110829529324 0.26265480030263166
17.475284000076822 0.28361605542945845
19.744882128159357 0.30038028112929527
22.70181635015495 0.3234440329709707
25.87490642560338 0.34440927009915123
28.480358684357977 0.35908294508820093
32.461130182667226 0.3800481822163815
36.67701132644155 0.3968124079162183
42.169650342858205 0.41567116632819623
49.33803152981389 0.4387269541671639
58.74073737514925 0.4575697845737263
72.41832654537545 0.4784991836897219
85.47088125592497 0.4973459960976381
98.27074362680904 0.5098972643650694
110.06941712522081 0.5203579819217135
123.28467394420633 0.5287162027635084
146.77992676220646 0.5391490463106752
173.23528848992797 0.5495858718591959
200.92330025650418 0.5600306614104243
241.31024332807834 0.5683570262413882
284.8035868435793 0.5703838649305134
333.217094124481 0.5745171823358414
393.27557046644625 0.5786465177398153
510.8969774506924 0.5806295544140478
